920
699
743
799
776
736
774
725
761
703
714
734
694
786
792
721
672
714
708
733
750
764
792
768
726
750
720
699
695
750
725
676
786
706
724
629
669
718
698
755
706
768
733
657
721
719
655
745
721
785
778
685
692
680
677
738
655
767
744
682
688
693
792
725
746
711
704
736
674
707
766
728
709
666
673
665
696
682
766
669
795
758
745
675
743
736
754
736
715
745
807
754
707
726
787
743
676
754
704
738
760
712
733
726
754
789
783
648
696
676
778
681
710
724
739
709
713
758
729
738
812
716
749
794
794
701
700
641
755
736
680
707
730
721
697
669
743
656
701
808
761
772
680
759
726
802
716
672
849
736
715
760
732
714
686
781
688
771
661
763
724
734
811
743
664
788
730
705
753
715
675
778
817
721
679
743
729
760
734
745
719
662
716
731
726
722
696
752
728
748
771
689
782
740
741
721
799
818
686
793
668
708
700
819
763
794
798
715
841
677
727
759
723
784
704
770
752
672
652
686
687
676
636
746
740
623
726
689
767
692
822
767
830
781
775
789
702
683
737
730
774
753
820
771
776
811
733
752
716
710
678
691
793
725
746
712
811
772
767
657
689
708
749
743
778
788
709
686
739
667
721
703
647
778
728
742
695
683
668
747
696
684
729
693
680
650
720
670
769
783
807
814
735
721
756
755
732
803
762
794
759
713
749
688
757
700
776
692
794
711
795
724
702
760
706
777
715
688
717
780
773
697
664
704
820
792
742
773
771
717
754
697
793
664
670
758
766
859
718
700
676
706
751
807
700
741
723
833
746
752
654
762
787
704
656
776
827
658
721
614
736
774
773
775
819
717
745
734
850
791
789
648
748
694
699
670
741
698
640
702
693
756
724
691
691
752
689
704
692
726
695
824
686
814
704
664
745
789
674
703
732
734
749
714
726
845
755
683
714
769
731
675
771
763
818
762
780
694
800
694
752
732
766
764
681
743
780
768
701
802
741
803
758
817
801
729
783
710
738
740
708
755
722
693
804
655
715
721
782
766
749
748
823
747
723
797
761
728
787
830
745
797
645
729
719
753
699
765
712
709
794
763
790
683
688
685
700
682
688
684
763
718
757
706
727
735
694
786
744
748
830
778
786
714
698
709
674
640
767
750