828
726
736
648
727
789
670
657
684
723
682
696
767
754
687
764
724
729
684
715
739
792
717
807
770
833
787
746
799
693
674
743
727
740
724
691
728
758
748
677
683
686
771
732
646
730
775
759
695
678
717
702
750
713
723
688
735
722
801
664
654
702
708
818
709
692
661
728
702
724
697
760
706
667
692
758
743
706
728
686
713
690
749
750
727
697
675
665
678
673
699
734
705
732
693
690
751
685
679
742
683
659
771
720
767
677
739
684
649
675
646
700
634
640
758
735
719
780
671
724
764
739
718
741
656
691
655
715
656
721
775
729
689
665
641
824
774
688
743
780
656
673
631
714
711
791
729
684
727
650
691
669
654
701
739
666
789
659
716
627
656
788
746
698
726
710
655
716
768
678
829
752
666
706
672
675
729
666
654
657
811
761
706
688
674
798
822
692
683
773
763
835
699
694
635
672
776
732
713
628
673
699
746
684
714
706
755
657
712
703
721
702
691
775
756
729
751
750
710
704
739
732
774
680
709
787
747
667
713
734
737
734
639
690
721
711
742
660
738
741
651
709
757
763
617
676
749
651
731
739
697
665
703
685
630
704
644
775
650
666
666
661
622
620
662
711
697
712
682
749
701
656
684
645
732
746
671
642
710
742
675
672
691
765
762
734
620
738
705
747
702
732
767
708
643
727
684
686
798
684
771
740
681
657
692
688
757
757
743
719
713
759
745
777
698
677
699
728
666
740
696
673
748
713
707
691
794
704
793
712
725
642
710
676
661
656
821
700
716
739
771
699
764
754
722
688
782
766
713
797
800
713
822
760
706
704
768
694
718
736
743
750
628
715
712
755
664
690
692
693
745
692
713
741
705
815
717
712
760
686
729
734
732
759
679
681
722
729
672
838
848
799
778
746
670
712
716
669
780
779
669
738
819
704
710
705
721
765
729
775
683
775
662
721
631
757
791
786
805
769
755
684
717
716
683
849
711
823
770
746
769
730
797
714
891
774
725
857
814
785
757
688
740
822
728
768
798
740
789
773
830
856
734
704
807
801
791
750
814
764
702
765
830
825
846
812
792
764
801
839
752
819
708
735
738
856
877
824
820
755
777
835
823
810
758
807
788
763
856
771
880
819
777
788
734
729
689
857
819
809