0.0
0.0
0.0
0.0388
0.0906
0.1035
0.1553
0.1941
0.1941
0.2459
0.2847
0.3106
0.3494
0.3624
0.4012
0.4012
0.4529
0.4918
0.5047
0.5565
0.5694
0.6082
0.6212
0.66
0.6729
0.7118
0.7247
0.7635
0.7765
0.8024
0.8153
0.8153
0.8153
0.88
0.9188
0.9447
0.9706
0.9965
1.0224
1.0482
1.0741
1.1
1.1259
1.1388
1.1518
1.1906
1.2035
1.2424
1.2424
1.2812
1.2941
1.32
1.3329
1.3588
1.3847
1.3976
1.4235
1.4365
1.4494
1.4624
1.4882
1.5012
1.5271
1.54
1.5529
1.5659
1.5918
1.6047
1.6176
1.6306
1.6435
1.6435
1.6694
1.6953
1.7212
1.7471
1.76
1.7859
1.8118
1.8247
1.8506
1.8506
1.8765
1.9024
1.9153
1.9412
1.9541
1.9671
1.98
2.0059
2.0188
2.0447
2.0576
2.0576
2.0576
2.0576
2.1094
2.1224
2.1482
2.1612
2.1612
2.1871
2.2129
2.2259
2.2259
2.2518
2.2647
2.2776
2.2776
2.2906
2.3165
2.3165
2.3294
2.3424
2.3553
2.3682
2.3812
2.3812
2.3941
2.3941
2.42
2.42
2.4329
2.4847
2.4847
2.4847
2.4847
2.4976
2.5235
2.5235
2.5365
2.5624
2.5624
2.5753
2.5753
2.5753
2.5753
2.5882
2.6012
2.6012
2.6141
2.6271
2.6271
2.64
2.64
2.64
2.64
2.64
2.64
2.64
2.6529
2.6659
2.6659
2.6659
2.6659
2.6659
2.6659
2.6659
2.6659
2.6659
2.64
2.64
2.6271
2.6012
2.5882
2.5753
2.5753
2.5624
2.5494
2.5365
2.5235
2.5235
2.5235
2.5235
2.4976
2.4976
2.4976
2.4847