904
652
718
656
719
665
726
721
749
657
694
628
688
766
660
690
830
698
702
692
748
643
733
716
599
664
791
683
767
659
700
781
655
752
728
697
762
719
699
725
692
775
613
634
696
657
671
772
615
813
679
742
760
668
649
682
745
743
803
639
672
709
721
699
647
695
743
708
653
741
760
632
788
737
694
696
664
703
782
694
643
670
712
695
654
653
800
726
640
735
780
722
766
629
665
728
719
648
660
611
776
684
764
687
671
771
729
634
680
753
839
787
674
670
695
785
668
767
636
629
698
656
770
728
737
707
775
727
720
624
766
717
765
725
647
634
719
726
688
690
685
711
732
640
688
693
643
807
745
707
668
676
670
773
726
720
667
644
707
764
585
699
649
671
689
799
750
656
729
660
749
679
685
597
736
699
760
708
604
694
791
729
828
724
662
753
613
665
652
782
850
726
788
634
741
634
750
715
716
668
673
683
669
740
651
813
661
679
691
759
678
791
776
665
715
636
689
683
741
659
717
803
759
714
718
799
775
713
675
644
732
759
779
736
718
1085
1704
2456
2618
2873
3038
3136
3260
3193
3340
3181
3187
3358
3248
3239
3363
3160
3286
3417
3192
3335
3164
3247
3208
3222
3261
3379
3248
3238
3253
3328
3247
3216
3212
3264
3272
3276
3141
3315
3236
3160
3279
3331
3255
3321
3243
3200
3275
3244
3359
3232
3195
3283
3208
3264
3251
3313
3272
3216
3192
3091
3224
3271
3167
3203
3056
2626
2110
1464
939
743
694
699
644
809
714
655
724
737
669
645
690
699
680
718
682
714
733
695
652
771
712
646
696
712
638
690
679
652
721
699
827
754
746
673
662
738
685
685
705
737
632
776
652
646
710
770
742
699
799
667
717
642
738
693
754
698
656
742
648
654
620
702
712
701
657
747
751
619
731
707
727
680
748
760
719
787
674
671
786
616
706
697
611
763
755
596
798
719
738
763
694
614
720
811
703
761
771
738
694
668
622
616
734
782
723
787
675
721
659
703
686
612
685
663
752
798
742
737
728
731
817
684
665
711
711
782
633
760
668
683
612
667
623
662
648
656
695
712
755
650
825
639
656
743
765
705
688
641
671
745
630
723
636
796
738
747
635
783
734
756
737
663
646
779
663
646
703
677
697
647
762
721
729
743
643
764
691
761
742
790
724
675
723
623
749
726
795
815
623
730
797
837
614
795