755
747
708
710
684
670
774
791
729
740
735
732
656
692
741
785
747
705
731
694
708
638
752
785
684
751
772
678
712
720
674
666
711
707
655
729
669
664
686
644
691
642
654
724
685
708
727
828
712
780
711
734
664
675
779
657
739
633
676
668
700
653
681
665
761
763
670
668
636
708
795
630
710
754
769
750
746
738
668
606
738
792
665
745
776
623
628
637
629
751
714
731
702
720
682
717
767
763
644
679
658
693
793
640
687
773
783
684
764
706
766
758
604
628
618
665
755
662
663
665
685
763
708
677
630
683
680
673
688
729
701
711
719
710
752
709
702
677
615
834
678
751
659
682
738
666
686
668
663
683
666
684
687
614
719
702
700
711
727
708
741
724
720
751
773
697
708
765
694
647
759
719
704
708
646
699
670
738
717
673
652
676
654
620
785
767
672
756
652
624
768
778
652
729
803
675
690
714
652
653
754
602
652
717
630
696
634
727
681
697
651
795
750
717
726
620
650
743
701
662
793
594
693
761
655
687
668
709
790
714
681
797
727
845
740
683
639
724
719
633
714
668
775
678
622
736
681
746
823
922
1020
1169
1280
1623
1754
1730
1991
2165
2256
2303
2479
2448
2581
2602
2739
2675
2727
2650
2714
2748
2723
2801
2799
2655
2630
2747
2814
2831
2567
2572
2671
2560
2699
2759
2841
2979
2896
3007
2972
2879
2824
2724
2369
2383
2044
1927
1484
1287
1110
1070
854
777
693
694
738
636
747
743
698
713
636
771
675
743
820
652
623
718
742
772
672
644
657
683
655
687
712
663
672
718
739
697
627
661
644
606
648
751
675
755
755
646
679
696
707
660
774
773
717
710
721
727
714
743
599
643
713
640
685
784
743
654
695
736
718
674
771
642
695
630
696
637
790
701
645
767
663
668
640
744
629
691
662
703
661
688
643
685
687
706
678
646
717
693
705
632
782
762
716
634
711
769
689
626
743
646
730
648
752
704
768
662
650
691
741
718
704
731
689
674
791
748
660
715
680
667
656
713
649
739
798
703
700
707
775
682
759
803
702
677
657
701
699
691
625
647
690
634
675
645
725
714
679
707
669
722
652
745
703
724
731
681
790
714
655
761
752
699
741
746
728
678
631
769
712
621
726
737
672
712
722
763
734
639
679
702
692
668
651
628
774
724
684
773
662
735
751
682
648
649