895
682
711
685
636
731
745
605
684
732
663
734
794
675
788
620
798
739
766
596
712
655
735
798
714
562
669
700
716
644
657
749
727
724
678
735
691
723
704
708
719
678
660
688
780
833
753
766
679
783
778
747
707
735
738
632
623
709
720
632
679
751
675
642
662
723
679
693
666
706
646
713
696
749
691
739
605
640
708
733
709
576
684
734
646
680
687
777
763
650
661
672
798
713
698
763
677
683
672
672
681
699
709
626
688
734
702
807
644
637
661
686
799
716
725
783
674
777
654
771
747
747
653
765
670
642
676
704
697
730
728
747
767
729
693
755
666
680
688
667
708
723
714
777
657
689
759
647
735
661
639
673
632
754
674
665
621
620
636
721
685
595
704
731
649
747
644
703
674
800
759
774
690
642
669
746
745
664
692
668
643
739
715
640
696
653
706
683
679
689
683
668
647
677
781
737
704
781
719
678
738
705
671
816
693
646
685
624
573
669
675
587
580
630
604
618
675
657
692
675
722
701
625
676
782
727
674
681
783
664
710
771
806
734
799
742
760
764
833
814
795
1086
985
913
984
1203
1175
1211
1336
1327
1380
1491
1595
1510
1541
1753
1851
1923
1852
1911
1921
1979
2196
2035
1964
2072
1934
1968
2097
2131
2175
2183
2033
1996
2041
2019
2163
1983
2137
2129
2037
2041
2199
2061
2247
2172
1942
1996
1945
1896
1768
1745
1724
1681
1494
1420
1377
1183
1116
1260
1127
1128
1150
1043
875
1027
829
908
769
710
787
690
776
749
741
692
671
650
604
641
674
695
647
713
677
672
698
722
715
795
696
700
725
743
673
656
668
757
657
690
807
677
646
727
711
621
713
684
692
658
785
728
637
664
752
650
792
710
742
729
679
827
787
721
756
733
644
714
708
685
694
688
754
693
744
671
719
674
655
637
628
705
719
659
638
643
711
694
766
647
800
655
657
652
640
670
720
596
611
664
675
706
662
703
650
796
716
649
671
752
719
718
605
708
642
733
793
664
660
717
677
666
781
732
709
731
707
775
749
659
657
812
725
776
753
742
684
619
731
713
619
667
718
679
673
729
641
785
669
775
725
750
715
700
733
680
723
698
691
751
659
701
733
749
613
716
750
657
723
766
645
724
581
640
754
641
699
595
671
731
630
686
690
725
603
706
837
725
697
647
669
706
706
699
775
748
742
697
630
673