777
624
693
658
708
671
673
712
740
707
731
618
701
671
739
667
799
706
705
693
648
750
643
698
595
740
685
675
675
675
740
720
727
712
762
738
734
752
725
742
759
785
745
688
783
703
654
676
681
723
723
759
619
703
711
756
749
741
708
641
691
718
654
761
637
650
864
749
684
704
666
677
720
758
688
658
645
774
637
701
676
678
709
706
635
711
799
697
731
796
793
689
733
792
777
715
721
782
734
696
675
749
675
671
622
664
772
669
755
739
667
705
652
665
664
713
586
709
680
644
761
695
684
714
646
700
683
668
735
762
726
686
710
657
748
599
712
653
724
736
706
701
781
726
735
632
670
699
747
704
637
686
727
729
691
776
718
652
723
734
640
778
605
635
674
714
726
648
791
668
713
653
779
634
716
658
753
712
791
730
652
755
648
790
644
735
622
717
755
613
739
699
668
708
791
735
660
673
740
684
653
787
708
663
673
813
629
652
713
755
783
744
766
719
843
728
776
694
732
834
771
797
696
833
996
843
962
946
814
904
886
921
921
1029
1030
995
1090
1019
1052
1149
1121
1156
1381
1247
1307
1362
1463
1432
1541
1619
1602
1749
1775
1759
1687
1910
1811
1932
1913
2010
2038
2150
2139
2147
2143
2143
2088
2032
2092
2264
2201
2119
2225
2229
2252
2416
2371
2476
2293
2253
2184
2180
2314
2077
2391
2260
2000
2047
2065
2071
2009
1916
1875
1848
1851
1696
1999
1725
1542
1445
1508
1382
1221
1262
1340
1331
1120
1195
1056
1139
1134
917
934
952
961
818
912
921
898
881
839
801
786
774
828
784
803
884
683
771
711
715
703
809
864
700
779
795
728
764
689
693
742
764
675
769
787
791
680
667
611
722
796
770
690
636
701
771
670
738
640
699
677
680
732
636
693
692
740
696
742
693
714
751
644
619
711
731
652
678
708
673
644
798
642
666
733
717
660
703
687
673
666
625
741
643
683
646
653
778
658
631
780
695
746
652
703
673
666
722
767
745
655
646
638
642
761
698
634
673
654
759
738
647
788
646
739
678
666
632
712
697
670
653
732
632
718
714
657
696
667
639
685
752
700
719
783
724
674
650
783
672
642
692
664
705
749
648
661
721
671
687
628
664
655
647
628
735
693
641
619
779
637
688
685
641
673
644
741
809
713
741
636
653
783
645
662
684
667
636
722
688
671
771
676
695
757
717
735
724