798
701
788
678
682
748
747
604
611
711
695
657
737
678
687
678
708
658
667
650
564
668
750
791
764
714
606
655
834
668
555
662
713
673
721
654
704
640
749
668
660
764
640
753
723
745
675
646
690
718
648
730
738
694
752
739
705
728
752
731
718
732
721
696
633
761
715
634
717
659
660
755
670
630
719
700
677
637
685
670
688
720
789
680
653
656
730
663
694
721
642
627
678
652
706
747
657
723
636
690
707
684
712
729
689
798
657
726
711
681
711
691
732
665
648
664
784
692
664
640
731
720
674
692
761
733
749
688
611
624
692
677
646
740
621
737
776
629
704
707
709
711
645
656
697
699
695
653
706
632
727
711
711
757
721
658
644
716
678
760
700
718
745
688
707
692
669
756
747
662
669
739
647
651
629
665
700
765
676
670
689
775
791
686
754
706
791
745
710
774
688
825
782
684
775
775
733
770
732
860
767
706
755
825
732
820
799
726
874
871
856
784
935
738
939
1064
1002
1019
1011
1031
920
1124
1024
1129
1202
1318
1196
1181
1205
1377
1369
1397
1456
1420
1404
1496
1476
1360
1530
1525
1578
1728
1785
1793
1712
1839
1907
1824
1948
2115
2142
2195
2195
2153
2120
2160
2227
2186
2393
2243
2300
2377
2247
2281
2390
2376
2243
2466
2460
2263
2328
2423
2245
2304
2144
2298
2121
2188
2048
2080
2051
2021
2099
1946
2005
1827
1603
1667
1746
1603
1649
1445
1610
1485
1429
1444
1279
1346
1175
1357
1177
1263
1259
1212
975
1187
1161
1081
952
1047
1028
1012
998
979
940
884
718
914
814
904
863
828
927
857
843
951
796
839
810
806
800
814
685
719
673
659
800
681
805
748
814
738
777
696
641
673
654
768
737
772
766
692
704
716
748
666
729
736
697
646
684
667
658
666
760
724
761
709
769
685
725
617
851
644
708
735
717
640
620
659
749
671
683
634
626
625
713
631
699
751
734
715
717
753
790
696
624
702
648
746
735
658
791
705
699
703
755
749
779
647
695
731
741
631
703
732
715
692
703
658
716
709
687
766
747
689
740
655
693
707
711
673
705
624
639
746
605
646
624
644
627
646
768
638
660
672
667
630
774
649
631
692
703
677
683
636
662
620
753
655
748
662
656
647
760
703
777
687
705
716
657
729
678
653
776
753
691
775
759
654
820
659
779
698
674
648
697
719
735
774
739
663
784
676
769
779
654
716
646
778