721
756
692
638
618
760
634
618
675
646
661
791
616
690
760
740
666
691
701
674
645
701
739
662
732
698
632
753
761
685
700
656
673
664
620
675
618
696
675
734
694
672
643
623
667
727
664
759
695
679
706
656
727
672
686
783
688
656
660
719
798
785
672
705
661
727
629
668
763
718
750
749
672
670
616
706
647
612
779
645
692
687
695
780
720
686
599
709
654
696
685
750
754
687
650
779
712
690
742
645
700
645
628
623
747
652
719
686
695
682
714
719
676
641
749
744
696
646
731
763
635
648
744
721
736
788
693
570
724
719
584
670
764
675
664
626
632
742
742
679
693
674
681
771
748
753
742
712
676
686
707
764
760
711
637
633
654
666
751
663
746
641
626
776
750
722
795
688
698
780
633
689
670
638
664
640
710
705
694
720
740
764
703
608
771
744
762
714
764
853
840
838
801
776
754
862
823
814
933
856
881
827
759
860
784
816
877
795
858
852
758
851
840
960
885
944
923
974
967
890
1004
982
1051
986
1023
1038
1015
1017
1026
1108
1184
1089
1022
1157
1255
1294
1250
1231
1380
1368
1334
1266
1362
1486
1437
1452
1355
1298
1464
1580
1516
1567
1522
1563
1418
1720
1592
1678
1701
1762
1789
1816
1687
1782
1784
1820
1912
1848
1926
2011
1930
1816
1932
1991
1924
1801
1803
1970
1862
1969
1921
1710
1747
1555
1698
1650
1622
1467
1497
1636
1561
1598
1396
1539
1544
1332
1379
1221
1343
1305
1306
1247
1335
1407
1106
1046
1218
1078
1029
1033
972
1100
1095
1097
936
1075
975
950
1019
868
803
869
830
896
1002
889
903
911
889
861
909
750
794
862
809
903
728
786
787
759
893
843
776
766
799
777
692
707
734
760
862
789
683
825
795
802
683
747
727
749
786
709
674
698
709
644
684
731
653
635
788
663
705
672
631
771
655
673
667
727
644
662
690
755
629
796
578
703
645
751
785
670
722
686
753
648
752
673
707
701
680
647
711
751
702
651
728
706
712
762
754
639
650
725
755
675
642
674
690
634
713
718
627
643
785
648
741
626
675
759
624
717
626
687
641
599
673
621
748
658
788
729
620
610
651
716
608
645
655
726
667
665
636
686
758
717
639
609
673
775
724
638
718
731
695
688
579
718
752
684
706
758
736
650
698
689
677
662
799
682
604
661
663
732
600
631
668
622
703
677
726
740
710
634
712
673
667
652
601
671