766
711
761
695
715
611
776
675
626
683
667
701
752
674
684
604
669
703
661
666
813
638
663
576
713
724
669
750
738
636
658
782
689
696
701
665
659
700
736
608
660
746
675
691
759
716
690
688
721
662
672
674
642
629
657
680
678
724
690
651
616
624
733
747
695
692
787
679
723
650
591
746
685
697
774
738
644
678
803
695
693
669
636
681
675
681
666
747
775
653
745
767
731
655
688
659
751
672
769
632
630
645
754
671
736
627
743
657
751
705
658
662
632
660
731
687
625
736
743
652
656
664
772
692
691
690
763
651
772
708
713
718
664
686
648
731
604
731
708
750
738
674
660
677
679
633
707
778
651
601
684
668
648
678
774
642
745
656
644
749
742
648
659
687
654
686
650
723
791
726
693
659
683
741
789
679
704
715
689
706
742
745
749
721
871
747
817
738
737
789
864
897
789
810
824
764
809
872
895
779
915
917
923
942
868
896
879
874
910
929
898
994
818
969
909
958
1024
1061
1083
1014
1001
1040
1159
1174
1248
1079
1213
1189
1164
1173
1320
1184
1249
1299
1235
1245
1347
1271
1402
1379
1387
1358
1328
1458
1486
1369
1432
1567
1636
1551
1827
1658
1608
1669
1726
1834
1680
1653
1763
1855
1584
1695
1776
1826
1839
1784
1917
1855
1830
1852
1867
1766
1928
2045
1995
1764
1870
1743
1922
1892
1791
1858
1932
1731
1811
1747
1820
1775
1649
1662
1828
1631
1677
1759
1623
1529
1552
1598
1544
1421
1272
1339
1357
1509
1282
1336
1245
1289
1358
1398
1243
1299
1138
1225
1157
1248
1156
1231
967
986
1100
948
1101
949
1020
1055
1040
957
1032
846
814
899
825
915
805
977
938
896
835
962
823
820
925
773
869
845
794
792
797
851
838
778
788
756
768
698
703
819
871
751
808
777
738
754
765
718
738
687
806
712
687
772
732
712
700
659
716
726
580
703
707
626
788
707
775
748
765
652
713
624
684
717
733
736
825
637
719
687
696
650
755
711
628
718
692
626
649
841
757
697
655
663
703
655
705
671
765
693
795
642
741
653
652
664
607
727
709
721
774
736
717
664
715
633
636
636
672
575
664
643
681
698
683
698
733
637
677
679
716
665
743
779
683
655
649
741
673
731
711
745
621
706
695
644
795
656
664
727
657
703
727
619
678
675
703
680
701
707
769
688
712
652
637
816
704
712
678
738
646
709
687
723
692
636
642
646
635
694
733
756