756
768
723
622
628
628
768
737
652
631
689
638
744
714
717
693
763
666
754
729
648
740
755
753
722
690
654
646
686
673
745
687
617
671
640
716
740
748
656
743
716
772
751
702
706
664
753
675
697
710
767
753
657
693
644
676
633
719
694
678
667
648
668
686
676
774
727
695
723
710
644
713
684
603
668
730
641
678
613
664
688
647
638
679
692
797
667
727
782
592
663
674
774
661
666
746
806
635
695
685
577
685
664
718
744
679
656
668
679
664
681
711
666
762
673
664
627
727
716
735
712
787
670
718
632
772
747
753
621
637
688
652
745
725
718
741
578
709
640
688
756
720
674
756
678
668
746
670
731
647
773
605
707
706
614
802
738
688
675
670
716
626
668
757
780
698
733
850
767
719
660
746
673
730
712
769
664
753
727
749
816
788
665
844
792
847
772
801
851
667
830
767
806
897
903
849
788
832
977
876
920
844
994
942
957
869
904
884
922
963
854
1009
939
1021
963
999
943
1035
1097
1097
951
990
950
1088
1061
1203
1143
1094
1117
1098
1178
1201
1364
1236
1151
1245
1340
1284
1285
1232
1222
1397
1298
1488
1510
1388
1468
1633
1531
1496
1383
1631
1528
1658
1772
1796
1579
1576
1708
1536
1723
1750
1708
1516
1612
1635
1728
1791
1719
1700
1855
1623
1662
1690
1646
1636
1759
1683
1835
1682
1624
1661
1763
1683
1587
1699
1687
1649
1450
1368
1483
1695
1596
1564
1421
1543
1511
1363
1366
1360
1400
1388
1276
1342
1365
1341
1367
1218
1292
1146
1266
1227
1107
1184
1287
1234
1089
1068
1166
1172
1244
1060
989
1118
1017
983
1105
1004
952
1002
1043
914
935
965
976
895
1003
980
922
852
821
923
886
867
873
846
908
903
830
811
960
744
794
893
808
892
762
807
830
697
742
753
732
807
853
694
717
710
725
708
811
746
759
733
791
710
689
726
711
775
698
683
715
627
652
720
672
737
729
669
699
772
646
703
647
711
653
655
662
634
653
627
758
635
666
642
790
631
715
665
631
655
643
719
644
660
621
635
688
792
684
695
690
626
687
649
735
655
716
650
753
683
618
594
567
617
579
731
685
726
638
723
742
650
620
665
643
624
667
683
746
732
643
733
754
719
594
650
716
635
662
687
657
699
755
724
730
715
633
646
681
652
760
735
628
721
684
688
710
629
745
764
739
723
689
624
742
594
632
759
640
724
634
622
732
728
670
751
707
684