1646
1647
1644
1646
1646
1646
1646
1644
1647
1644
1647
1647
1647
1648
1648
1647
1646
1646
1646
1646
1646
1647
1646
1647
1647
1645
1647
1646
1646
1646
1647
1647
1646
1646
1647
1646
1645
1647
1646
1645
1646
1645
1647
1646
1647
1647
1647
1646
1646
1646
1645
1646
1646
1646
1647
1647
1644
1645
1646
1644
1644
1646
1645
1646
1644
1646
1646
1646
1644
1648
1647
1647
1644
1645
1644
1646
1645
1646
1645
1646
1646
1644
1645
1647
1644
1647
1647
1645
1646
1646
1646
1646
1644
1646
1646
1646
1645
1646
1645
1646
1647
1646
1644
1644
1646
1646
1645
1644
1646
1647
1646
1645
1646
1645
1645
1646
1646
1651
1645
1644
1645
1645
1647
1646
1645
1646
1646
1644
1644
1644
1644
1644
1646
1645
1644
1646
1644
1644
1646
1644
1644
1644
1646
1643
1645
1645
1643
1644
1644
1644
1643
1643
1643
1643
1644
1643
1644
1644
1643
1644
1643
1645
1644
1644
1644
1644
1642
1643
1644
1644
1644
1644
1640
1644
1643
1644
1643
1641
1641
1641
1643
1644
1643
1643
1641
1643
1641
1642
1643
1641
1641
1644
1643
1643
1641
1642
1641
1642
1641
1642
1643
1642
1641
1641
1642
1641
1641
1643
1639
1639
1640
1639
1639
1638
1640
1638
1639
1641
1640
1639
1639
1639
1638
1638
1638
1639
1636
1636
1637
1637
1635
1636
1635
1636
1637
1635
1635
1633
1632
1635
1633
1633
1632
1633
1632
1632
1633
1632
1633
1634
1632
1634
1631
1633
1632
1632
1631
1632
1631
1632
1632
1631
1631
1630
1631
1631
1631
1629
1630
1631
1630
1631
1630
1631
1632
1629
1628
1629
1630
1628
1628
1629
1627
1629
1628
1626
1627
1627
1625
1628
1627
1626
1628
1628
1627
1628
1624
1627
1627
1626
1625
1625
1625
1625
1623
1624
1625
1625
1623
1624
1623
1620
1624
1623
1623
1623
1623
1624
1623
1623
1622
1617
1620
1622
1621
1622
1623
1621
1620
1622
1621
1622
1621
1619
1622
1619
1621
1619
1620
1620
1620
1620
1618
1617
1616
1617
1616
1617
1616
1618
1617
1619
1617
1617
1619
1616
1617
1616
1618
1616
1616
1616
1616
1614
1614
1615
1615
1613
1613
1614
1613
1614
1614
1615
1614
1612
1612
1612
1612
1614
1613
1612
1613
1612
1613
1613
1614
1612
1612
1613
1612
1613
1611
1612
1612
1612
1612
1612
1612
1613
1612
1612
1611
1611
1609
1611
1610
1612
1611
1612
1611
1610
1612
1609
1609
1610
1610
1610
1611
1608
1611
1610
1611
1611
1609
1612
1611
1610
1609
1609
1608
1608
1608
1610
1609
1611
1607
1608
1608
1608
1607
1607
1608
1608
1609
1607
1607
1607
1607
1607
1606
1608
1607
1606
1607
1607
1608
1607
1606
1607
1606
1607
1607
1607
1606
1605
1607
1606
1606
1605
1604
1606
1604
1606
1605
1605
1605
1607
1605
1603
1603
1605
1602
1603
1605
1603
1604
1604
1603
1603
1603
1603
1602
1602
1602
1603
1602
1603
1603
1602
1601
1603
1601
1599
1600
1601
1603
1602
1600
1601
1600
1599
1601
1601
1599
1601
1599
1600
1600
1600
1599
1598
1600
1600
1598
1600
1598
1599
1599
1599
1598
1598
1598
1599
1598
1598
1599
1598
1599
1599
1599
1596
1598
1596
1594
1597
1596
1596
1595
1595
1596
1595
1597
1596
1596
1596
1595
1596
1596
1596
1595
1595
1596
1595
1596
1595
1594
1596
1595
1594
1595
1594
1594
1596
1595
1596
1595
1593
1595
1595
1596
1593
1595
1594
1593
1592
1594
1596
1595
1595
1593
1595
1595
1595
1594
1591
1592
1593
1592
1592
1591
1590
1592
1590
1591
1590
1590
1591
1592
1590
1590
1591
1590
1590
1589
1591
1590
1592
1591
1590
1589
1590
1590
1588
1590
1588
1588
1588
1590
1588
1589
1590
1588
1590
1590
1588
1589
1588
1587
1588
1588
1588
1588
1586
1599
1588
1587
1585
1585
1587
1585
1586
1584
1585
1587
1585
1584
1583
1583
1583
1583
1587
1583
1584
1583
1583
1585
1585
1584
1584
1583
1584
1584
1583
1580
1583
1582
1582
1584
1584
1583
1583
1581
1580
1582
1582
1581
1579
1580
1580
1582
1580
1581
1580
1581
1580
1582
1580
1582
1580
1581
1579
1580
1579
1580
1579
1580
1579
1579
1578
1580
1577
1579
1577
1577
1578
1579
1578
1577
1576
1579
1576
1576
1577
1578
1576
1576
1577
1576
1577
1577
1576
1576
1576
1577
1575
1576
1576
1575
1577
1576
1576
1575
1576
1575
1575
1575
1575
1575
1576
1575
1574
1574
1575
1575
1573
1573
1575
1575
1575
1571
1572
1573
1574
1574
1574
1571
1571
1572
1571
1571
1572
1571
1573
1572
1573
1570
1571
1571
1571
1571
1572
1572
1571
1569
1570
1571
1569
1569
1569
1569
1567
1567
1567
1568
1568
1567
1569
1567
1567
1566
1567
1568
1567
1568
1566
1566
1566
1566
1565
1565
1564
1564
1564
1564
1566
1564
1564
1564
1564
1564
1564
1564
1565
1566
1564
1563
1564
1563
1563
1562
1563
1563
1563
1563
1563
1562
1561
1563
1563
1563
1562
1562
1564
1562
1560
1574
1560
1563
1560
1561
1561
1560
1560
1560
1560
1559
1560
1561
1560
1560
1561
1560
1560
1560
1559
1558
1559
1560
1558
1559
1558
1559
1558
1559
1558
1559
1558
1557
1560
1559
1559
1559
1557
1558
1558
1556
1558
1557
1556
1557
1557
1556
1555
1555
1556
1555
1556
1555
1556
1557
1560
1556
1556
1556
1555
1555
1555
1554
1555
1553
1556
1555
1553
1555
1553
1552
1555
1554
1553
1552
1552
1552
1552
1551
1551
1551
1551
1551
1551
1551
1550
1549
1549
1551
1548
1550
1550
1549
1550
1548
1548
1548
1548
1548
1547
1548
1548
1548
1547
1549
1547
1548
1546
1547
1548
1548
1546
1546
1547
1547
1548
1545
1546
1545
1546
1545
1545
1545
1545
1545
1544
1547
1545
1545
1545
1545
1545
1543
1544
1544
1547
1543
1543
1543
1544
1542
1543
1543
1543
1542
1542
1541
1543
1541
1540
1540
1542
1541
1542
1540
1541
1542
1542
1541
1543
1541
1542
1542
1542
1543
1544
1543
1545
1543
1543
1544
1544
1544
1545
1544
1545
1543
1544
1544
1545
1545
1547
1547
1547
1551
1545
1547
1547
1549
1548
1550
1549
1548
1550
1548
1550
1550
1550
1549
1549
1550
1551
1550
1550
1550
1551
1552
1550
1552
1551
1552
1551
1551
1553
1551
1553
1555
1551
1552
1552
1551
1552
1551
1553
1552
1553
1551
1551
1553
1552
1552
1551
1552
1551
1552
1551
1551
1551
1551
1551
1549
1549
1550
1549
1550
1547
1548
1548
1548
1548
1547
1547
1548
1546
1547
1546
1547
1546
1545
1544
1544
1545
1545
1544
1544
1543
1543
1544
1543
1542
1542
1541
1541
1542
1542
1542
1540
1541
1540
1539
1539
1540
1538
1536
1536
1539
1536
1537
1538
1539
1536
1537
1535
1536
1535
1535
1535
1533
1534
1532
1532
1532
1532
1532
1532
1533
1531
1530
1531
1531
1530
1530
1530
1528
1529
1527
1529
1529
1527
1527
1526
1528
1524
1526
1524
1523
1525
1527
1527
1526
1526
1526
1524
1523
1522
1523
1522
1524
1520
1520
1523
1521
1521
1520
1519
1519
1519
1519
1517
1518
1518
1518
1516
1517
1516
1516
1515
1513
1514
1516
1513
1516
1514
1516
1515
1516
1517
1517
1516
1515
1515
1516
1514
1513
1512
1513
1512
1513
1513
1513
1509
1511
1511
1511
1511
1510
1511
1511
1511
1511
1510
1510
1510
1512
1511
1509
1510
1509
1510
1510
1508
1509
1507
1508
1507
1508
1507
1506
1509
1507
1510
1505
1507
1508
1505
1506
1507
1507
1505
1507
1506
1505
1505
1506
1504
1505
1505
1506
1504
1505
1503
1505
1504
1507
1504
1504
1503
1504
1503
1504
1503
1504
1503
1502
1503
1502
1502
1503
1502
1502
1503
1502
1502
1501
1500
1501
1502
1501
1500
1500
1500
1500
1500
1500
1500
1499
1500
1500
1497
1500
1500
1500
1500
1498
1497
1498
1499
1496
1500
1495
1499
1496
1497
1496
1496
1495
1496
1496
1495
1495
1496
1493
1499
1495
1495
1495
1495
1495
1494
1494
1495
1490
1491
1493
1491
1493
1491
1492
1490
1491
1493
1492
1490
1491
1492
1492
1490
1491
1488
1491
1489
1490
1488
1489
1487
1488
1491
1488
1487
1488
1489
1487
1489
1488
1487
1489
1487
1487
1486
1487
1487
1487
1484
1487
1484
1485
1484
1485
1484
1484
1483
1484
1485
1482
1484
1481
1483
1483
1483
1483
1483
1482
1483
1484
1483
1481
1483
1480
1481
1483
1479
1481
1483
1480
1480
1482
1480
1481
1480
1480
1480
1479
1480
1481
1479
1479
1479
1478
1479
1479
1478
1476
1479
1476
1476
1478
1479
1476
1477
1476
1478
1477
1476
1476
1478
1475
1477
1475
1476
1475
1475
1473
1474
1473
1473
1474
1475
1473
1472
1473
1473
1472
1473
1472
1472
1472
1472
1473
1473
1473
1472
1473
1472
1472
1472
1472
1472
1472
1471
1471
1470
1470
1471
1469
1470
1468
1470
1471
1468
1470
1469
1467
1468
1467
1468
1467
1469
1468
1467
1468
1468
1466
1467
1465
1466
1464
1467
1465
1465
1464
1464
1465
1464
1465
1467
1464
1464
1464
1466
1463
1464
1464
1464
1462
1464
1463
1463
1464
1462
1464
1462
1462
1462
1463
1461
1460
1459
1462
1462
1461
1462
1462
1460
1459
1459
1461
1461
1459
1461
1459
1459
1459
1458
1459
1457
1458
1458
1459
1459
1459
1459
1459
1457
1459
1457
1456
1457
1457
1456
1457
1457
1456
1458
1457
1456
1456
1456
1456
1455
1455
1455
1454
1455
1455
1455
1455
1454
1454
1452
1454
1454
1454
1452
1452
1452
1452
1452
1451
1452
1451
1451
1452
1450
1451
1450
1451
1450
1450
1449
1449
1451
1447
1448
1449
1449
1448
1448
1448
1450
1447
1447
1447
1447
1447
1447
1447
1447
1447
1446
1446
1448
1448
1446
1447
1445
1445
1445
1444
1440
1440
1441
1443
1441
1443
1442
1443
1442
1444
1442
1444
1442
1443
1443
1444
1443
1443
1443
1443
1445
1443
1441
1442
1440
1443
1443
1440
1441
1440
1441
1439
1439
1441
1441
1440
1440
1441
1439
1438
1438
1439
1438
1436
1438
1439
1438
1439
1437
1437
1436
1438
1438
1438
1440
1439
1440
1440
1440
1440
1441
1443
1443
1443
1442
1442
1444
1443
1444
1446
1446
1447
1448
1446
1446
1446
1446
1447
1448
1447
1447
1449
1448
1449
1448
1449
1448
1448
1449
1449
1451
1452
1449
1452
1451
1452
1451
1452
1451
1451
1452
1451
1452
1451
1451
1452
1451
1450
1449
1449
1451
1451
1448
1450
1450
1450
1451
1450
1449
1448
1447
1448
1448
1447
1447
1447
1447
1447
1447
1448
1446
1446
1446
1445
1446
1443
1444
1445
1444
1444
1441
1442
1442
1441
1440
1441
1440
1442
1441
1440
1438
1438
1436
1437
1436
1436
1436
1436
1436
1436
1436
1436
1435
1433
1433
1432
1432
1433
1432
1432
1432
1431
1431
1432
1432
1432
1430
1429
1428
1428
1431
1430
1430
1427
1427
1428
1427
1425
1425
1425
1425
1424
1423
1426
1424
1423
1422
1423
1421
1421
1421
1422
1422
1421
1419
1419
1420
1419
1420
1419
1418
1417
1417
1416
1418
1415
1416
1414
1413
1415
1414
1414
1414
1413
1412
1412
1411
1411
1411
1412
1409
1410
1409
1409
1409
1408
1409
1411
1410
1410
1411
1408
1407
1408
1408
1408
1409
1409
1407
1407
1408
1408
1407
1405
1404
1404
1405
1404
1405
1405
1406
1404
1404
1407
1403
1404
1403
1403
1402
1402
1402
1402
1403
1403
1403
1404
1403
1400
1401
1400
1401
1400
1401
1400
1400
1403
1399
1400
1400
1398
1400
1400
1400
1401
1400
1400
1400
1398
1399
1399
1399
1395
1397
1397
1397
1396
1396
1395
1395
1395
1395
1395
1393
1392
1394
1392
1392
1392
1393
1392
1393
1393
1392
1393
1391
1392
1392
1392
1392
1389
1390
1391
1390
1390
1389
1390
1389
1390
1390
1391
1388
1388
1388
1388
1389
1387
1388
1388
1389
1388
1385
1388
1388
1386
1385
1384
1384
1384
1386
1384
1383
1383
1385
1384
1385
1384
1383
1385
1382
1380
1382
1383
1383
1380
1382
1380
1382
1382
1379
1379
1380
1378
1378
1379
1380
1379
1379
1377
1377
1378
1377
1378
1377
1376
1376
1377
1376
1377
1376
1375
1376
1375
1376
1375
1374
1369
1369
1369
1368
1368
1367
1368
1367
1368
1368
1368
1366
1365
1368
1368
1368
1367
1366
1367
1364
1365
1365
1364
1365
1364
1366
1364
1364
1363
1362
1361
1361
1361
1363
1361
1360
1361
1361
1361
1361
1361
1359
1363
1360
1361
1360
1360
1361
1359
1359
1360
1360
1359
1359
1360
1358
1357
1359
1358
1356
1358
1357
1357
1358
1357
1358
1356
1356
1355
1355
1356
1356
1356
1355
1355
1354
1354
1355
1355
1354
1352
1354
1352
1354
1353
1353
1352
1354
1356
1353
1353
1351
1352
1354
1353
1351
1353
1351
1350
1350
1351
1350
1350
1350
1350
1350
1350
1350
1348
1348
1348
1348
1347
1347
1347
1347
1348
1348
1347
1349
1349
1348
1350
1348
1349
1351
1351
1355
1352
1354
1355
1355
1355
1356
1355
1356
1355
1356
1358
1359
1359
1360
1359
1360
1359
1359
1360
1360
1361
1361
1361
1361
1362
1363
1361
1364
1363
1362
1363
1362
1363
1363
1363
1362
1363
1362
1363
1361
1363
1361
1359
1359
1361
1360
1360
1358
1359
1360
1359
1358
1358
1357
1356
1356
1356
1356
1355
1355
1356
1353
1356
1352
1352
1351
1351
1352
1351
1351
1352
1350
1350
1349
1349
1350
1349
1348
1348
1347
1348
1348
1347
1348
1345
1347
1346
1344
1344
1345
1343
1343
1343
1343
1342
1342
1344
1342
1342
1341
1341
1340
1340
1339
1340
1337
1339
1339
1337
1337
1338
1337
1336
1336
1335
1335
1335
1334
1332
1334
1335
1332
1330
1329
1329
1329
1330
1329
1327
1327
1328
1327
1326
1326
1326
1325
1324
1326
1326
1325
1323
1323
1323
1322
1323
1323
1323
1323
1323
1323
1320
1321
1320
1321
1321
1320
1320
1320
1321
1323
1319
1322
1319
1318
1319
1321
1319
1318
1319
1318
1318
1317
1318
1319
1319
1317
1317
1316
1315
1313
1315
1315
1316
1315
1314
1313
1312
1312
1311
1311
1311
1311
1311
1312
1311
1311
1313
1312
1311
1310
1311
1310
1310
1309
1310
1311
1308
1309
1309
1306
1308
1307
1307
1308
1307
1307
1305
1305
1307
1304
1305
1307
1304
1305
1304
1305
1305
1303
1304
1304
1304
1304
1303
1303
1301
1302
1302
1302
1301
1300
1302
1301
1299
1299
1299
1299
1299
1298
1297
1299
1299
1300
1299
1298
1297
1297
1297
1296
1296
1295
1297
1296
1295
1295
1296
1294
1294
1295
1295
1294
1294
1293
1292
1292
1294
1294
1292
1294
1292
1292
1291
1292
1289
1292
1291
1291
1289
1290
1291
1289
1289
1288
1289
1286
1289
1288
1288
1287
1288
1288
1288
1285
1284
1287
1285
1287
1286
1286
1284
1283
1285
1283
1283
1284
1282
1283
1283
1282
1285
1283
1283
1281
1282
1282
1282
1280
1280
1280
1280
1280
1280
1279
1279
1279
1280
1278
1280
1278
1278
1278
1277
1278
1277
1277
1275
1277
1275
1276
1276
1275
1275
1273
1274
1274
1274
1275
1273
1274
1274
1274
1275
1276
1277
1276
1275
1276
1279
1279
1279
1279
1280
1281
1281
1281
1283
1282
1284
1285
1286
1286
1287
1287
1287
1289
1288
1288
1289
1291
1289
1291
1289
1289
1287
1291
1290
1289
1290
1288
1289
1289
1289
1289
1290
1289
1287
1287
1287
1284
1286
1287
1285
1284
1283
1284
1284
1283
1282
1282
1281
1283
1281
1283
1281
1281
1280
1279
1279
1278
1278
1278
1279
1279
1276
1276
1275
1276
1275
1274
1274
1275
1275
1274
1273
1273
1272
1272
1270
1272
1269
1271
1269
1268
1268
1267
1265
1267
1265
1264
1263
1264
1264
1264
1264
1262
1263
1263
1260
1259
1260
1260
1259
1260
1260
1258
1257
1257
1257
1258
1255
1256
1254
1256
1256
1255
1255
1256
1255
1255
1255
1254
1252
1251
1252
1251
1251
1252
1253
1251
1250
1250
1250
1251
1248
1250
1250
1248
1248
1248
1248
1248
1249
1247
1246
1245
1246
1246
1246
1247
1246
1246
1244
1245
1244
1243
1243
1243
1241
1241
1240
1241
1243
1242
1240
1240
1241
1239
1238
1239
1237
1240
1236
1240
1237
1238
1237
1237
1236
1237
1236
1237
1236
1236
1235
1236
1234
1234
1234
1234
1235
1235
1234
1234
1231
1231
1233
1231
1230
1231
1232
1231
1231
1230
1230
1231
1228
1230
1230
1230
1228
1231
1228
1228
1228
1228
1225
1226
1227
1225
1225
1225
1225
1226
1225
1225
1225
1225
1226
1223
1224
1223
1225
1224
1222
1221
1223
1222
1222
1223
1221
1222
1220
1219
1219
1219
1219
1220
1219
1219
1220
1218
1218
1219
1217
1218
1218
1218
1217
1217
1216
1217
1217
1217
1216
1216
1217
1215
1216
1215
1214
1216
1216
1216
1215
1216
1216
1217
1216
1219
1218
1219
1219
1219
1220
1219
1222
1223
1221
1225
1223
1226
1226
1225
1227
1228
1228
1227
1228
1228
1230
1230
1230
1230
1231
1231
1231
1232
1232
1231
1231
1232
1231
1231
1231
1233
1232
1231
1231
1233
1232
1231
1230
1231
1230
1229
1231
1229
1231
1230
1228
1228
1228
1228
1230
1228
1228
1228
1228
1228
1228
1227
1227
1228
1228
1227
1227
1225
1227
1225
1226
1225
1224
1226
1225
1224
1225
1224
1224
1224
1222
1224
1223
1223
1222
1221
1220
1219
1218
1219
1220
1220
1219
1217
1216
1218
1216
1214
1216
1215
1216
1212
1212
1212
1212
1212
1211
1211
1211
1211
1209
1210
1210
1209
1208
1208
1208
1208
1207
1207
1206
1206
1206
1208
1206
1206
1204
1205
1205
1204
1203
1203
1203
1202
1201
1200
1200
1199
1200
1199
1201
1199
1199
1199
1198
1198
1198
1198
1198
1196
1197
1196
1195
1195
1196
1196
1195
1195
1194
1194
1193
1193
1195
1191
1191
1192
1192
1192
1191
1191
1190
1190
1190
1190
1188
1186
1187
1186
1185
1187
1185
1187
1187
1185
1184
1187
1184
1183
1183
1183
1183
1181
1181
1182
1180
1180
1181
1180
1179
1181
1180
1180
1179
1179
1180
1180
1180
1180
1180
1178
1176
1176
1176
1176
1176
1176
1175
1174
1176
1174
1175
1174
1174
1175
1173
1175
1175
1172
1171
1173
1174
1172
1172
1172
1172
1171
1171
1170
1169
1168
1168
1168
1170
1171
1170
1169
1169
1168
1168
1169
1168
1168
1167
1167
1167
1167
1167
1166
1168
1167
1168
1168
1171
1172
1170
1171
1172
1173
1173
1174
1175
1174
1175
1176
1176
1178
1180
1180
1182
1183
1183
1183
1184
1184
1184
1185
1184
1184
1185
1185
1184
1187
1184
1185
1184
1185
1186
1185
1187
1187
1187
1187
1188
1187
1186
1187
1187
1184
1185
1186
1187
1188
1187
1186
1186
1185
1185
1187
1185
1184
1185
1183
1185
1185
1183
1183
1183
1183
1182
1183
1182
1181
1183
1183
1181
1180
1182
1181
1179
1178
1179
1180
1177
1177
1176
1177
1176
1177
1176
1176
1176
1174
1172
1171
1171
1170
1169
1169
1170
1169
1168
1168
1169
1169
1169
1168
1168
1167
1167
1166
1167
1165
1166
1165
1164
1163
1162
1161
1161
1160
1160
1161
1162
1161
1161
1160
1160
1159
1159
1159
1159
1159
1158
1158
1158
1156
1156
1155
1154
1155
1155
1155
1156
1156
1153
1152
1152
1152
1151
1151
1150
1152
1150
1150
1149
1148
1150
1148
1150
1150
1149
1146
1145
1145
1146
1147
1146
1146
1144
1145
1143
1144
1141
1142
1144
1142
1142
1139
1143
1140
1140
1139
1139
1139
1138
1138
1139
1140
1137
1138
1137
1137
1137
1136
1136
1135
1136
1136
1134
1133
1133
1135
1133
1133
1132
1132
1135
1133
1132
1131
1130
1130
1129
1130
1130
1127
1126
1127
1127
1125
1128
1126
1127
1127
1126
1128
1129
1129
1131
1129
1130
1132
1132
1131
1134
1133
1134
1136
1138
1138
1138
1139
1142
1142
1141
1142
1140
1141
1142
1143
1142
1143
1144
1143
1144
1143
1144
1144
1146
1146
1146
1145
1145
1144
1144
1144
1144
1144
1144
1144
1145
1144
1145
1145
1144
1144
1143
1144
1142
1144
1143
1142
1140
1142
1142
1142
1142
1142
1143
1142
1140
1140
1141
1138
1140
1138
1139
1136
1136
1137
1135
1135
1134
1135
1136
1135
1134
1134
1131
1132
1131
1132
1130
1129
1128
1128
1127
1127
1127
1129
1128
1128
1127
1124
1127
1125
1124
1123
1122
1123
1123
1122
1120
1120
1122
1121
1120
1123
1119
1120
1120
1119
1119
1119
1118
1117
1116
1116
1117
1118
1117
1117
1117
1116
1116
1115
1113
1116
1115
1113
1112
1112
1112
1112
1112
1113
1111
1111
1111
1111
1112
1112
1108
1110
1109
1109
1110
1110
1109
1109
1107
1107
1107
1107
1107
1107
1105
1103
1104
1103
1104
1105
1103
1103
1103
1101
1103
1100
1102
1102
1100
1100
1099
1099
1099
1096
1097
1096
1096
1096
1096
1096
1097
1097
1097
1097
1096
1095
1094
1095
1095
1094
1094
1095
1092
1091
1091
1091
1091
1091
1091
1091
1091
1091
1090
1089
1089
1089
1089
1089
1087
1087
1087
1087
1086
1086
1086
1085
1085
1085
1085
1083
1083
1083
1084
1084
1085
1085
1087
1087
1088
1091
1090
1094
1095
1094
1095
1095
1096
1096
1096
1099
1098
1097
1098
1098
1099
1100
1101
1101
1100
1100
1102
1100
1101
1101
1102
1100
1100
1102
1100
1099
1102
1102
1100
1100
1101
1100
1099
1098
1097
1099
1100
1098
1099
1098
1098
1100
1099
1098
1097
1097
1097
1096
1095
1094
1094
1095
1094
1094
1093
1093
1094
1094
1094
1094
1094
1092
1091
1092
1091
1092
1091
1088
1088
1089
1088
1087
1088
1088
1086
1086
1088
1086
1084
1084
1085
1084
1082
1082
1083
1083
1083
1082
1080
1080
1081
1083
1080
1080
1080
1078
1077
1076
1076
1076
1076
1076
1077
1076
1076
1077
1077
1079
1076
1076
1074
1076
1075
1075
1075
1075
1075
1073
1072
1072
1073
1073
1073
1073
1072
1073
1071
1071
1071
1071
1070
1069
1068
1069
1068
1069
1068
1069
1068
1069
1067
1065
1067
1065
1067
1067
1064
1064
1064
1065
1063
1063
1063
1063
1063
1063
1063
1062
1063
1062
1061
1061
1061
1062
1061
1061
1061
1059
1059
1059
1059
1057
1057
1058
1059
1057
1057
1057
1056
1056
1055
1055
1055
1054
1055
1055
1054
1053
1054
1055
1052
1052
1052
1052
1051
1051
1050
1050
1051
1051
1050
1049
1048
1048
1049
1049
1048
1047
1048
1048
1048
1048
1047
1047
1045
1044
1046
1044
1047
1045
1044
1043
1045
1043
1043
1041
1041
1041
1040
1040
1040
1039
1039
1039
1039
1038
1037
1038
1038
1037
1038
1036
1036
1035
1036
1036
1033
1033
1034
1035
1035
1034
1033
1033
1035
1033
1034
1031
1032
1032
1030
1031
1030
1028
1029
1028
1028
1029
1030
1027
1027
1027
1029
1028
1028
1027
1027
1026
1025
1024
1024
1025
1024
1025
1023
1022
1023
1023
1022
1022
1021
1021
1021
1021
1020
1020
1020
1019
1020
1021
1017
1017
1019
1017
1019
1018
1017
1017
1017
1016
1016
1016
1014
1015
1014
1014
1015
1016
1013
1013
1014
1015
1015
1014
1013
1011
1011
1011
1011
1011
1011
1010
1011
1009
1008
1011
1009
1010
1009
1007
1006
1008
1007
1006
1006
1007
1007
1005
1005
1006
1008
1008
1009
1010
1011
1012
1013
1017
1017
1018
1021
1023
1023
1024
1024
1024
1025
1028
1028
1027
1028
1029
1029
1031
1030
1031
1030
1030
1031
1032
1031
1031
1030
1031
1031
1030
1030
1030
1031
1031
1031
1030
1030
1030
1030
1029
1028
1030
1028
1028
1027
1027
1027
1027
1026
1026
1025
1025
1024
1023
1024
1024
1023
1024
1023
1022
1021
1020
1021
1020
1021
1020
1020
1020
1019
1016
1018
1016
1015
1016
1015
1013
1015
1015
1013
1013
1012
1013
1011
1011
1010
1011
1009
1010
1010
1007
1008
1008
1009
1008
1008
1007
1008
1006
1007
1008
1007
1006
1007
1006
1004
1005
1005
1004
1004
1004
1006
1003
1004
1002
1003
1003
1003
1002
1001
1001
1002
999
1001
1000
1000
999
999
999
999
1000
997
996
997
997
998
996
997
997
996
995
993
995
994
994
993
993
991
992
992
992
992
992
992
991
991
991
990
990
990
989
988
989
988
988
987
988
988
987
986
986
985
985
984
985
983
984
984
982
983
983
982
982
982
981
982
980
979
979
979
980
978
978
977
978
978
977
977
976
977
975
975
975
975
975
975
975
972
973
974
973
973
972
972
971
972
970
972
971
969
970
970
969
969
969
969
968
968
967
967
967
965
967
965
965
966
964
966
965
963
963
964
963
964
963
963
961
961
962
962
961
960
960
960
960
958
959
958
957
958
957
958
960
958
959
960
961
963
962
964
964
967
967
968
969
970
970
972
972
970
973
972
974
975
974
973
973
973
975
974
975
975
973
972
973
975
973
974
972
973
972
972
973
973
971
971
973
971
971
970
971
971
970
967
968
969
969
969
968
967
968
967
966
965
964
965
964
964
963
963
963
961
961
961
960
961
960
960
960
959
958
958
956
956
956
956
955
956
955
955
956
954
955
955
954
954
952
953
952
952
952
952
952
950
953
951
950
951
949
950
950
950
951
949
949
949
948
948
949
947
948
947
946
947
946
947
946
945
945
946
945
945
944
944
944
944
943
942
942
943
943
942
940
942
940
939
940
940
938
940
938
938
938
938
938
938
936
935
937
936
937
935
935
935
934
934
935
934
934
933
932
932
932
932
931
930
931
931
930
929
931
930
928
928
929
928
928
927
927
927
927
927
925
928
925
924
925
926
923
924
921
923
922
921
922
923
922
921
920
920
920
921
920
920
919
920
919
918
918
917
918
918
920
918
918
920
920
922
924
924
926
924
926
927
927
928
927
927
928
928
929
927
929
930
929
929
931
930
930
928
929
929
930
929
929
928
927
927
928
927
926
927
926
927
926
925
924
924
924
923
922
923
923
923
922
922
921
921
920
920
920
920
920
920
920
919
918
917
916
916
915
916
915
914
914
914
914
914
914
913
912
911
911
911
912
910
910
910
910
910
909
908
908
909
909
907
908
907
907
908
907
907
907
907
906
906
905
904
904
905
905
904
905
905
905
903
903
904
903
902
901
902
901
900
902
901
901
899
900
899
900
899
899
897
898
898
897
896
896
897
897
896
896
895
894
894
894
894
893
894
893
894
891
891
892
891
892
890
890
891
889
889
889
889
889
889
889
889
887
888
887
887
886
886
886
886
886
885
886
884
884
884
883
884
883
882
883
883
882
883
883
881
881
882
881
880
880
879
879
879
878
878
878
878
878
878
878
879
880
880
880
881
882
883
884
884
884
884
886
886
887
887
887
887
887
888
887
889
888
889
890
888
889
890
890
888
887
889
888
888
888
888
888
888
888
888
888
887
887
886
887
886
885
884
886
885
883
882
884
883
885
883
883
882
882
880
880
880
880
880
881
880
879
878
878
877
878
876
876
876
877
876
877
875
874
875
875
874
874
873
873
874
873
871
871
872
871
872
871
871
871
870
870
870
870
870
870
870
870
869
869
868
867
868
868
867
867
867
867
865
866
867
866
864
865
864
865
864
864
865
864
864
863
864
864
863
863
863
863
862
862
861
862
860
861
860
860
859
859
859
858
858
858
858
857
858
857
857
857
857
856
856
856
855
855
855
855
855
854
854
853
853
852
853
854
853
852
851
852
850
851
851
851
851
850
848
848
849
848
848
847
847
848
847
848
847
847
844
846
846
846
846
844
846
845
844
843
843
843
843
842
843
843
843
843
842
841
841
841
842
841
840
839
840
840
840
838
839
839
840
839
840
842
843
844
844
846
846
847
847
847
847
847
848
848
849
850
850
851
850
851
851
851
851
851
851
850
849
850
850
849
849
850
850
848
849
848
848
848
848
847
847
848
847
847
847
847
846
847
845
844
844
845
844
844
843
844
844
843
842
841
842
843
840
840
840
839
838
839
839
838
839
840
838
839
838
837
837
836
836
835
837
836
835
835
835
835
834
835
835
835
834
833
833
833
834
834
832
832
833
831
831
831
832
831
830
829
830
829
829
830
830
830
828
828
828
828
826
826
826
826
827
825
824
825
825
824
824
824
823
823
823
824
823
822
822
823
820
821
820
819
821
819
820
819
819
817
818
819
818
816
816
817
816
817
816
816
816
816
814
814
816
814
814
814
814
813
812
813
812
813
812
812
811
811
812
812
811
811
810
809
811
810
810
810
810
808
808
808
808
808
808
807
808
806
806
807
807
807
805
805
805
806
804
804
805
803
803
803
802
802
802
803
801
803
802
801
802
801
801
799
801
800
800
800
799
799
799
799
799
798
798
798
797
798
796
796
797
797
797
795
795
795
796
795
796
796
796
798
800
800
800
804
804
804
805
804
805
806
806
806
807
807
808
808
807
808
807
808
808
808
807
807
807
807
807
807
807
806
805
805
805
805
806
804
804
804
803
803
803
803
803
803
802
802
801
801
801
801
800
799
800
799
799
798
798
797
798
797
798
796
797
795
796
795
794
794
794
794
793
792
792
792
792
792
790
792
792
791
790
791
790
791
791
789
790
790
789
789
789
789
789
790
788
788
787
788
787
787
787
787
786
787
786
785
786
785
784
785
785
785
784
783
783
783
784
783
783
782
783
781
782
781
781
781
782
780
780
780
780
779
780
778
778
779
777
778
777
778
778
777
775
775
776
775
775
775
775
775
775
774
774
775
775
773
773
772
773
772
772
772
773
772
771
771
770
771
771
770
770
769
769
769
769
769
768
768
767
767
767
768
767
767
766
766
765
764
766
765
764
764
764
764
764
763
765
763
762
764
762
763
762
762
760
761
761
760
760
760
759
759
759
759
759
758
758
757
758
757
757
757
756
755
756
756
755
755
755
755
756
755
755
758
760
760
761
762
764
764
764
764
765
766
767
766
766
766
766
767
766
766
767
766
766
767
765
766
763
764
764
763
763
762
763
763
762
762
760
762
761
760
760
760
760
759
759
758
759
758
759
758
757
757
756
756
756
756
755
755
754
754
753
754
752
753
753
752
752
753
752
752
752
751
752
751
752
752
751
750
751
750
750
751
750
749
750
750
751
750
750
749
749
750
750
748
748
747
745
746
747
746
746
746
745
746
745
744
744
744
744
743
743
743
743
743
743
743
743
742
742
742
740
742
741
740
741
740
740
740
740
739
739
738
739
737
737
737
737
737
737
737
736
736
736
736
736
736
735
735
735
736
735
734
734
735
734
734
732
733
732
732
732
732
731
731
731
731
730
730
731
729
730
730
730
729
729
728
727
728
726
727
727
726
727
727
726
726
728
729
729
729
729
731
732
733
733
733
734
734
735
735
735
735
736
735
734
736
735
736
736
734
735
734
734
734
733
733
730
731
731
732
731
730
731
732
732
731
730
729
730
729
729
729
727
728
727
727
727
727
727
726
726
724
725
724
724
723
723
724
722
723
723
722
722
721
720
721
720
720
721
721
720
719
719
719
720
718
719
719
718
719
718
718
719
718
718
718
716
718
716
718
717
716
716
716
716
716
714
715
715
715
714
713
714
714
711
713
711
712
712
712
711
710
711
710
710
710
710
710
710
708
708
708
708
708
708
708
707
707
706
707
706
706
705
706
706
705
704
705
704
704
704
703
703
704
703
703
702
702
702
703
702
700
701
700
700
700
700
700
701
701
701
703
703
704
704
705
706
705
707
707
708
707
710
710
708
708
708
708
709
708
707
708
708
707
707
707
707
706
706
706
705
705
704
705
704
704
703
704
704
704
703
703
704
702
701
702
700
701
702
701
700
699
700
698
699
698
699
697
698
697
696
696
697
696
696
696
696
696
695
695
694
695
694
694
695
694
694
694
694
694
692
694
694
694
692
692
694
693
691
693
692
691
691
691
691
689
691
691
691
691
691
690
690
689
689
689
688
689
688
688
688
688
688
687
687
687
687
687
686
686
686
685
685
684
685
685
684
684
684
683
683
683
683
682
683
682
682
683
682
681
681
680
680
680
681
680
680
680
679
679
679
678
678
678
678
678
677
678
678
676
677
677
676
676
675
676
675
676
675
674
674
674
674
674
673
673
675
676
678
678
679
679
681
680
681
680
682
681
682
683
683
684
683
683
684
683
682
683
683
683
683
682
682
681
681
681
681
681
680
679
680
680
678
679
679
678
678
678
678
679
676
676
676
676
677
676
675
675
675
675
674
674
673
674
672
672
672
672
672
671
671
670
671
670
670
669
670
670
668
669
669
669
670
669
669
668
670
668
669
668
668
668
668
669
668
668
668
667
667
667
667
667
666
667
667
666
666
666
666
665
665
665
665
664
664
665
664
663
663
663
663
663
662
663
662
663
662
662
662
661
662
661
661
661
661
661
660
661
659
660
659
659
660
659
659
659
659
659
659
658
658
658
659
658
658
659
657
657
657
657
658
657
657
657
656
656
656
655
656
655
655
655
655
655
655
655
655
655
654
654
654
654
654
653
653
654
652
654
652
654
653
654
654
656
657
659
658
660
660
660
660
662
664
662
663
663
663
663
663
662
663
663
663
662
662
661
662
660
660
661
661
659
659
659
658
658
657
658
658
657
657
656
656
656
656
654
655
655
655
654
654
652
652
652
654
652
651
651
652
651
652
650
651
651
650
649
650
650
649
650
648
649
649
649
648
649
649
648
647
648
648
648
647
647
647
647
647
646
646
646
644
645
645
645
644
644
643
643
643
643
643
642
643
642
642
641
640
641
641
639
639
639
640
639
639
640
639
638
639
638
638
638
638
636
636
637
636
635
636
635
635
634
635
635
635
633
635
634
633
634
632
632
632
632
632
632
631
631
631
632
632
632
633
635
635
636
636
637
636
636
638
638
638
637
637
639
639
639
637
638
638
637
636
636
637
636
635
635
634
633
636
635
633
633
632
631
632
632
631
631
631
630
629
630
628
628
628
628
627
628
627
627
625
627
625
626
625
625
625
624
625
624
625
624
625
624
624
624
624
623
623
623
623
623
623
622
622
623
622
622
622
621
621
621
620
621
620
620
620
619
619
619
619
618
618
619
619
618
617
617
617
616
616
616
617
616
616
615
615
615
614
614
615
615
614
614
613
613
613
614
613
613
612
612
611
611
612
612
611
610
611
611
611
610
610
611
610
609
609
610
609
609
608
609
607
608
608
608
609
610
610
611
612
613
613
615
615
615
614
615
615
614
615
615
616
615
616
615
615
614
614
613
613
613
614
613
612
612
612
612
611
610
611
610
610
610
610
610
609
608
609
608
608
608
607
607
606
607
605
606
606
605
604
605
605
604
605
604
604
603
604
603
603
604
603
603
602
602
602
602
601
601
601
601
601
601
600
600
600
600
599
600
599
600
599
599
599
599
598
598
598
598
596
597
597
598
597
595
596
596
596
595
594
595
596
595
594
593
594
593
593
593
593
592
592
593
592
592
592
592
591
591
591
591
591
590
590
590
591
590
590
589
589
589
589
589
588
588
588
587
587
588
587
588
588
588
588
587
586
587
586
586
586
586
587
586
585
585
585
585
584
584
583
584
583
583
582
584
584
585
585
587
588
588
588
589
589
589
590
591
591
591
591
591
591
591
591
591
591
590
589
591
589
590
590
590
589
588
588
588
587
587
587
587
587
586
586
585
585
585
585
585
584
584
584
583
583
583
582
582
582
582
581
581
581
580
581
579
580
580
580
579
579
580
579
579
579
579
579
578
579
577
579
578
577
579
577
577
576
577
577
577
577
576
576
575
576
576
575
575
575
574
574
573
573
573
574
573
573
573
573
572
572
572
571
571
570
572
572
570
569
570
569
570
569
570
569
569
569
568
568
568
568
568
567
568
568
567
567
567
567
567
567
568
567
567
566
566
566
566
566
566
566
564
565
565
565
564
564
565
564
564
563
563
564
563
563
563
562
562
562
562
562
561
560
561
561
560
562
561
560
560
559
559
559
559
560
559
558
558
558
558
557
557
557
558
557
557
557
556
556
556
555
556
555
555
556
554
554
555
554
556
557
558
558
559
560
561
561
562
561
561
563
563
563
563
564
563
563
563
563
563
563
563
563
562
562
561
561
561
561
560
560
560
559
560
559
558
558
558
558
557
558
558
558
557
556
556
556
556
557
556
554
555
554
554
553
553
553
553
552
554
553
552
552
552
552
551
552
552
551
551
552
551
552
552
551
551
551
551
551
550
550
551
550
550
550
549
550
548
548
549
548
548
548
548
548
547
547
547
547
547
548
547
546
545
546
546
545
544
545
545
545
543
544
544
543
543
544
544
544
543
543
543
543
543
541
543
543
541
542
541
542
540
542
540
541
540
540
540
540
540
539
540
538
539
539
539
539
538
538
539
538
537
537
537
537
536
536
537
537
536
536
536
536
536
536
536
535
535
535
535
535
535
534
536
536
536
536
537
538
540
540
541
541
542
542
541
540
542
542
542
542
542
542
541
541
541
540
540
539
540
538
538
538
538
538
537
537
537
537
537
537
537
537
536
537
537
534
535
534
534
534
534
533
533
533
534
532
533
532
532
532
533
531
531
531
531
531
533
531
531
531
531
531
531
531
531
530
530
528
530
530
529
530
529
529
528
529
528
528
528
528
528
528
527
528
527
527
527
527
526
526
527
527
526
525
524
525
525
524
524
524
524
524
524
523
523
523
522
523
522
523
523
522
521
522
520
522
520
522
521
520
521
520
519
520
519
519
519
519
519
518
518
518
518
517
518
518
518
518
517
519
519
520
521
523
523
523
523
523
524
524
524
524
524
524
524
523
524
524
524
524
523
523
522
522
521
522
521
521
521
521
521
520
520
520
521
520
519
520
519
518
518
518
518
517
517
518
517
516
516
516
515
516
515
515
515
515
515
515
515
515
515
515
514
514
515
514
513
512
513
513
514
515
513
514
512
512
513
511
512
512
511
511
511
510
510
510
510
511
509
509
509
509
509
508
508
508
508
508
507
508
508
507
507
506
507
507
506
507
506
506
507
506
505
505
505
506
505
506
504
504
505
504
504
504
504
504
504
504
503
503
503
503
503
503
504
504
504
505
506
506
507
507
507
507
508
508
508
508
508
509
508
508
507
507
507
507
507
507
506
505
505
505
505
505
505
504
504
504
504
504
504
503
503
503
503
503
502
502
502
502
501
501
501
501
500
500
501
500
499
500
500
499
499
499
499
499
499
500
499
499
498
498
498
498
497
497
497
497
497
497
497
497
497
496
496
496
496
495
495
496
496
495
495
494
495
494
494
494
494
492
493
492
493
492
492
492
491
492
491
491
490
491
491
491
491
491
490
490
490
489
490
490
489
489
488
489
489
489
488
489
488
487
488
487
488
488
487
488
487
486
486
486
486
486
486
486
485
485
486
485
485
485
485
485
485
485
484
484
484
483
483
484
486
485
487
486
488
489
489
489
489
489
489
489
490
491
489
490
489
490
489
489
489
489
489
488
487
488
488
487
487
487
487
487
487
486
486
486
486
485
485
485
485
484
484
485
485
483
484
484
483
483
482
483
483
482
481
482
482
482
482
481
481
480
481
481
481
480
479
480
480
480
480
480
480
480
479
480
480
479
479
479
478
478
479
478
478
478
478
477
477
477
477
476
476
476
476
476
476
476
476
476
476
476
476
475
476
476
476
476
476
477
477
476
475
476
475
476
475
475
475
475
475
475
474
474
474
473
473
472
473
473
473
473
473
472
472
472
472
471
471
471
471
471
471
470
470
471
471
470
470
470
470
469
470
470
470
470
470
468
468
468
468
468
469
468
468
468
468
468
468
469
467
468
467
467
467
467
467
467
469
470
471
471
472
472
472
473
472
473
473
473
473
472
472
473
472
472
471
472
471
471
471
470
470
470
470
470
470
469
468
469
468
468
468
468
468
467
467
467
467
467
466
466
466
465
466
465
465
466
466
464
465
465
465
464
464
464
465
464
465
464
464
464
463
464
463
463
463
463
463
463
463
462
462
461
462
461
461
462
460
460
460
460
460
460
460
460
460
459
460
460
459
460
458
459
459
458
458
459
458
458
458
457
457
457
456
457
456
457
456
456
456
455
456
456
456
455
455
455
454
454
454
454
455
454
454
454
454
454
454
453
454
453
453
452
452
452
452
453
453
453
454
455
455
455
456
456
457
457
457
458
458
458
458
458
459
458
458
458
457
457
457
457
457
456
456
456
455
455
455
455
454
455
454
454
454
455
454
453
454
453
453
453
453
452
452
452
451
451
451
451
451
450
450
450
450
450
450
450
449
450
449
449
449
449
449
448
449
449
449
448
448
447
447
447
447
447
447
447
446
446
446
446
446
446
445
446
445
444
445
445
444
444
444
444
444
444
444
444
444
444
443
443
443
443
443
443
442
442
442
442
442
442
441
442
442
441
441
441
441
442
441
441
441
440
440
440
441
441
440
440
440
440
439
439
439
439
439
439
440
440
441
441
442
442
443
443
443
443
444
444
443
443
443
443
443
443
442
442
443
441
442
442
441
441
441
440
440
440
440
439
440
440
440
440
440
439
439
439
439
438
438
438
438
438
437
437
437
437
437
437
437
436
436
436
436
436
436
435
435
435
435
435
435
435
435
435
435
435
434
434
434
434
434
434
434
433
432
433
432
432
432
432
432
432
432
431
432
432
431
432
431
431
431
431
431
431
431
431
431
431
431
431
431
432
431
432
431
431
431
430
431
430
430
430
430
429
430
430
429
430
429
429
429
429
428
428
428
428
427
428
428
427
428
427
427
427
427
426
427
426
426
426
426
426
425
425
425
425
425
425
425
424
425
425
425
426
426
427
428
428
428
429
429
429
430
429
429
430
429
429
429
429
429
429
428
428
428
428
427
427
427
427
426
427
427
426
425
426
426
425
425
425
425
424
425
424
424
424
424
423
423
423
423
423
423
423
422
422
423
422
422
422
422
422
422
423
422
422
421
421
421
420
421
421
421
420
420
421
419
420
420
419
419
419
419
419
419
419
419
419
419
419
418
418
418
418
418
418
418
418
417
417
418
417
417
418
418
417
417
417
417
417
417
417
417
417
416
416
416
416
416
416
416
415
416
416
415
415
415
415
415
415
415
415
415
415
415
415
414
414
415
415
414
414
414
413
414
414
414
414
414
413
414
414
413
414
412
412
413
412
412
413
412
412
412
412
413
413
414
414
415
415
416
416
417
417
416
418
418
417
417
418
418
417
417
417
417
417
417
417
417
416
416
416
416
416
415
415
415
415
415
415
415
414
414
414
414
414
413
413
413
413
412
412
412
412
412
412
412
412
412
411
411
412
411
411
412
411
411
411
411
411
411
410
411
410
410
410
410
409
410
409
409
409
409
409
409
408
408
409
409
408
408
408
407
408
407
408
408
408
408
408
408
407
407
407
407
407
407
407
406
406
406
406
406
407
406
406
405
406
405
404
405
405
405
405
404
403
404
405
404
404
404
403
403
404
404
404
404
405
405
406
407
407
407
408
407
407
408
407
408
407
407
407
406
406
407
406
405
405
405
404
404
404
404
403
404
404
403
403
404
403
403
403
403
403
402
402
401
401
402
402
401
401
400
401
400
401
400
400
401
400
401
400
400
400
400
400
400
399
400
400
399
399
399
399
399
399
398
398
398
398
398
397
398
397
397
397
397
397
397
396
396
396
397
396
396
395
396
396
396
395
395
395
395
395
395
395
394
394
394
394
394
394
394
394
394
394
394
393
393
394
393
393
393
393
393
392
393
393
393
394
393
394
395
394
396
395
395
396
396
396
396
396
396
396
396
397
396
396
396
395
395
395
395
395
394
395
394
393
394
394
394
393
393
393
393
393
392
393
392
392
392
392
392
391
391
391
391
391
391
390
391
391
391
391
391
391
390
390
390
390
391
390
390
390
390
390
389
390
389
389
389
388
389
389
389
389
388
389
388
388
388
388
388
387
387
387
387
387
387
387
387
387
387
387
386
387
386
386
387
386
386
386
386
386
385
385
386
386
385
385
384
385
386
385
384
384
385
385
385
384
384
384
384
384
384
384
384
384
384
384
384
384
384
383
383
383
383
383
383
383
382
382
382
382
383
382
381
381
381
381
381
381
380
380
382
382
383
383
383
384
384
384
384
385
385
385
385
385
385
385
385
384
384
384
384
384
383
383
383
383
383
382
382
382
382
382
382
382
382
382
382
381
381
381
381
380
380
380
379
380
380
379
379
379
379
379
379
379
379
378
379
378
378
378
378
378
378
378
378
378
378
377
377
377
377
377
377
377
377
377
376
377
377
377
378
377
377
378
378
378
378
378
378
377
377
377
377
377
377
376
377
377
376
376
376
375
376
376
375
375
375
375
375
375
374
375
375
374
374
374
374
374
374
373
373
374
374
374
373
372
373
373
373
373
372
372
372
372
372
373
373
373
374
374
375
375
375
376
376
375
376
376
375
376
375
375
375
375
374
375
374
374
374
374
373
374
374
373
373
373
373
373
372
372
372
371
372
371
371
371
371
371
371
371
371
371
371
371
371
371
371
371
371
370
371
371
370
370
370
370
370
370
369
369
370
369
369
370
369
369
369
369
369
369
369
369
368
368
368
368
369
369
368
368
368
368
368
368
368
368
368
368
368
368
367
367
366
367
367
367
367
366
366
366
367
366
365
365
366
365
365
365
365
366
366
366
367
367
367
368
368
368
368
368
368
369
369
368
368
368
368
367
368
367
367
367
366
367
366
366
366
366
366
366
366
365
365
365
365
365
364
364
364
364
364
363
363
363
364
364
363
363
363
363
363
363
363
363
363
363
362
363
362
362
362
362
362
362
361
361
361
361
361
361
361
361
361
361
361
360
360
360
360
360
359
360
359
360
359
359
359
359
359
359
359
359
359
359
359
359
358
359
358
358
358
359
358
358
358
358
357
358
357
357
357
358
357
357
357
357
357
357
359
356
357
356
356
357
357
357
358
359
359
359
359
360
360
360
360
360
360
360
360
360
360
359
359
359
358
359
359
359
358
358
358
358
357
358
358
358
358
358
358
358
357
356
357
356
357
356
356
356
356
356
356
356
356
356
356
355
356
356
356
355
356
355
356
355
356
355
355
355
355
355
355
354
355
355
355
354
355
354
354
355
354
354
354
354
354
353
353
353
354
353
353
352
353
353
353
352
352
352
352
352
352
352
352
352
352
352
352
351
352
351
351
351
351
351
351
350
351
350
351
351
351
351
350
350
350
350
350
350
350
349
350
349
349
350
349
349
349
349
349
349
349
349
349
348
348
348
348
349
349
349
350
351
352
352
352
352
352
352
352
352
352
353
352
352
352
352
352
352
351
351
351
351
351
351
351
351
351
351
351
351
350
350
350
350
349
350
349
349
349
348
348
348
348
349
348
348
349
349
348
348
348
348
348
348
348
348
347
348
348
348
348
348
347
347
347
347
347
347
346
346
346
347
346
346
346
347
346
346
346
346
345
345
346
345
345
345
345
345
345
344
345
345
344
345
345
345
344
344
344
344
344
344
344
344
344
343
344
343
343
343
343
343
343
343
343
343
343
343
343
342
342
342
342
342
341
343
342
344
344
344
344
345
345
345
346
346
345
345
346
345
345
345
345
345
345
345
345
344
344
344
344
344
343
343
343
344
343
343
343
343
343
343
342
342
342
342
342
342
342
341
342
342
341
341
341
341
341
342
341
340
341
340
341
341
342
340
341
340
340
341
341
340
340
339
339
340
339
340
339
339
340
339
339
338
338
339
338
339
339
338
338
338
339
338
338
338
338
338
338
338
337
337
337
337
337
338
337
337
336
336
337
337
336
336
336
336
336
337
336
336
335
336
336
335
335
335
335
336
336
337
337
337
337
339
338
338
339
338
339
339
339
339
339
338
339
338
338
338
337
337
337
337
337
337
337
337
337
337
337
337
336
336
336
336
336
335
335
335
335
335
334
335
335
335
334
335
335
335
334
334
335
335
334
334
334
334
334
334
334
333
333
333
333
333
333
333
333
333
332
333
332
332
332
332
332
332
332
332
332
332
331
331
331
331
331
331
331
331
331
331
331
330
331
330
331
331
330
331
330
331
330
331
330
330
330
329
329
329
330
329
329
329
329
329
329
330
329
329
329
329
329
328
329
329
328
328
328
329
329
329
330
330
331
331
331
331
331
332
332
332
332
331
331
331
331
330
331
330
331
330
330
329
330
330
330
329
329
329
330
330
329
329
329
328
328
329
328
328
328
328
328
328
328
327
327
327
327
327
327
328
327
327
327
328
327
327
327
327
326
326
327
326
327
326
326
326
326
326
326
326
326
326
326
326
325
326
325
326
325
325
325
325
325
325
325
325
324
324
325
324
324
324
324
324
324
324
323
324
324
323
323
323
323
324
323
323
323
323
323
323
323
323
323
323
322
322
323
322
322
322
322
322
322
322
322
322
322
321
322
321
321
321
321
322
323
323
323
323
324
325
324
325
325
325
325
325
324
324
324
324
324
324
324
324
323
324
323
323
323
323
323
323
323
323
323
322
323
322
322
322
321
322
321
321
321
320
321
321
321
321
321
322
321
321
321
321
321
320
321
321
320
320
320
320
320
320
320
320
319
320
319
320
319
319
319
319
319
319
319
319
319
319
319
319
319
319
318
318
318
319
318
318
318
318
318
318
318
318
318
318
317
318
317
317
317
317
318
318
317
317
316
317
317
316
317
316
316
316
317
317
316
316
317
317
317
317
317
316
316
316
316
316
316
316
317
317
318
318
318
319
319
319
320
319
319
319
319
319
319
319
318
318
318
318
318
317
317
317
317
317
317
317
317
317
316
316
316
316
316
316
315
315
315
315
315
316
315
315
316
315
315
315
315
315
315
315
314
314
314
315
314
314
314
314
313
313
313
313
312
311
311
310
309
309
308
307
306
306
304
303
302
301
300
299
299
297
297
296
295
295
294
293
293
292
291
290
290
289
289
288
287
287
286
285
285
284
283
283
282
281
281
280
280
279
278
278
278
278
277
277
276
275
275
274
274
272
272
271
270
269
268
267
266
266
264
264
263
262
261
260
259
258
257
257
255
255
254
253
252
251
251
250
249
249
247
247
246
246
245
245
244
243
242
242
241
241
240
240
239
238
238
237
236
236
235
235
234
233
233
232
232
231
231
230
230
229
229
228
228
228
227
227
226
226
225
225
224
223
223
223
222
222
221
221
220
220
219
218
218
217
217
217
216
216
215
215
214
214
213
213
213
212
212
211
211
210
210
209
209
209
208
208
207
207
208
207
206
206
206
206
205
205
204
204
204
203
203
203
202
202
202
201
201
201
200
199
200
199
199
198
198
198
198
197
196
196
196
196
195
195
194
194
194
193
193
193
193
192
192
191
191
191
191
191
190
190
190
190
189
189
188
188
188
188
188
187
187
187
187
186
186
186
185
185
185
185
185
184
184
184
184
183
183
183
183
182
182
182
181
182
181
181
181
180
180
180
180
179
179
179
179
179
178
178
178
178
178
177
177
177
177
176
176
176
176
176
175
176
175
175
175
175
174
174
174
174
173
173
173
172
172
172
173
172
172
172
172
172
171
171
171
171
171
171
170
170
170
170
169
169
169
169
169
168
169
168
168
168
167
167
167
167
167
167
167
166
167
166
166
166
166
166
166
165
165
165
165
165
165
165
164
164
164
164
164
163
163
163
163
163
163
163
163
162
162
163
162
162
162
162
162
162
161
161
162
161
161
161
161
161
161
160
161
160
160
160
160
160
160
160
160
160
160
160
159
159
159
159
159
159
159
159
158
158
158
158
158
158
158
158
158
158
157
157
157
157
157
157
157
157
157
157
157
157
156
157
156
156
156
156
156
156
156
156
156
156
156
156
155
155
155
155
155
155
155
155
155
155
155
155
155
155
155
155
155
155
155
155
155
155
155
155
155
154
155
155
154
155
154
154
154
154
154
154
154
154
154
154
154
154
154
154
153
154
153
154
154
153
153
153
153
154
153
153
154
154
154
154
155
154
155
154
154
155
155
155
155
155
155
155
155
155
155
155
156
156
155
155
155
156
156
156
156
156
156
156
156
156
156
156
157
156
157
156
157
157
157
157
156
157
157
157
157
157
157
157
157
157
157
157
158
157
157
157
157
157
157
157
157
157
157
158
157
157
157
158
157
158
158
158
158
158
158
158
158
158
158
158
158
158
158
158
158
158
158
158
158
158
158
158
158
158
158
158
158
159
158
158
158
158
158
158
158
158
158
158
158
158
158
158
159
158
159
158
158
159
158
159
159
158
158
159
159
158
159
159
159
159
159
159
159
159
159
159
159
159
159
159
159
159
159
159
159
159
159
159
159
159
159
159
159
159
159
159
159
159
160
159
159
160
160
160
160
160
160
160
160
160
160
160
160
160
160
160
160
160
160
160
160
160
160
160
160
160
160
160
160
160
160
160
160
160
160
160
160
160
160
160
160
160
160
160
160
160
160
160
160
161
160
160
160
160
160
160
160
160
160
161
161
161
160
161
161
160
161
161
161
161
160
161
161
161
161
161
161
161
161
161
161
161
161
161
161
161
161
161
161
161
161
161
161
161
161
161
161
161
161
161
161
161
161
162
161
162
162
161
161
162
162
161
162
162
162
162
162
162
162
162
162
162
161
161
162
162
162
162
162
162
162
161
162
162
162
162
162
162
162
162
162
162
162
162
162
162
162
162
162
162
162
162
162
162
162
162
162
162
162
162
162
162
162
162
162
162
162
162
162
162
162
162
162
162
162
162
162
162
163
162
162
162
163
163
162
162
162
162
162
163
162
162
162
163
163
162
162
162
162
163
162
163
162
162
162
163
163
163
163
163
163
163
163
163
163
163
163
163
163
163
162
163
163
163
163
163
163
163
163
163
163
163
163
163
163
163
163
163
163
163
163
163
163
163
163
163
163
163
163
163
163
163
163
163
163
163
163
163
163
163
163
163
163
163
163
163
163
163
163
163
163
163
163
163
163
163
163
163
163
163
163
163
163
163
163
163
163
163
163
163
163
163
163
163
163
163
163
163
163
163
163
163
163
163
163
163
163
163
163
163
163
163
163
163
163
163
163
163
163
163
164
163
164
164
164
164
164
164
164
163
164
164
164
164
164
163
164
164
164
164
164
164
164
164
164
164
164
163
164
163
164
164
163
164
164
164
164
164
164
164
164
163
164
164
164
164
164
163
164
164
164
164
164
164
163
164
164
164
163
164
164
164
164
164
164
164
164
164
164
164
164
164
164
164
164
164
164
164
164
164
164
164
164
164
164
164
164
164
164
164
164
164
164
164
164
164
163
164
164
164
164
164
164
164
164
164
164
164
165
164
165
165
164
165
164
165
164
164
164
165
164
165
164
164
164
164
164
164
165
164
165
164
164
165
165
164
164
164
165
165
165
165
165
165
165
164
165
165
165
165
165
164
164
164
164
165
165
164
165
165
165
165
165
165
165
165
165
165
165
165
165
165
165
165
164
165
165
165
165
164
165
165
165
164
165
165
165
165
165
165
165
165
165
165
165
165
165
165
165
165
165
165
165
165
165
165
164
164
165
165
165
165
165
165
165
165
165
165
165
165
165
165
166
165
166
166
166
165
166
166
166
166
166
165
166
165
166
166
166
166
166
166
166
166
166
166
166
166
166
165
166
166
166
165
166
165
166
165
166
166
165
165
165
165
166
166
166
166
166
166
166
165
166
165
166
165
166
165
166
165
166
166
166
166
166
165
166
166
166
165
166
166
166
166
166
165
166
166
166
166
165
166
166
166
166
166
166
166
166
166
166
166
166
166
166
166
166
165
166
166
166
166
165
166
165
166
166
165
166
166
165
166
166
165
165
165
166
166
165
166
166
166
166
166
166
166
166
166
166
166
166
166
166
166
166
166
166
166
166
166
166
166
166
166
166
166
166
166
166
166
166
166
166
166
166
166
166
166
166
166
166
166
166
166
166
166
166
166
166
166
166
166
166
166
166
166
166
166
166
166
166
166
166
166
166
166
166
166
166
166
166
166
166
166
166
166
166
166
166
166
166
166
166
166
166
166
166
166
166
166
166
166
166
166
166
166
166
166
166
166
166
166
166
166
166
166
166
166
166
166
166
166
166
167
166
167
166
167
166
167
166
167
167
166
167
166
167
167
167
167
167
167
167
167
167
167
166
167
167
166
167
166
166
167
167
167
167
167
167
167
167
167
167
166
167
167
167
167
167
167
167
167
167
167
166
167
167
167
167
167
167
167
167
167
167
166
167
167
167
167
167
167
166
167
166
167
166
167
166
166
166
166
166
167
166
166
166
166
167
166
166
166
166
166
166
166
167
166
166
166
166
167
167
166
166
166
167
167
166
167
167
167
167
167
167
167
167
167
167
167
167
167
167
167
167
167
167
166
167
167
167
167
167
166
167
167
166
167
167
166
166
167
167
167
167
167
167
167
166
166
167
166
167
167
167
166
167
166
167
166
167
167
166
167
167
167
166
166
166
167
166
166
166
166
166
166
166
166
166
166
166
166
166
166
166
167
166
167
166
166
166
166
166
166
166
166
166
166
166
166
166
166
166
166
166
166
167
167
167
167
167
167
167
167
167
166
167
167
167
167
166
167
166
167
166
166
167
166
167
167
167
166
167
166
167
166
167
167
167
167
166
167
166
167
166
167
167
166
167
167
167
166
167
166
167
166
167
167
167
167
167
167
167
167
167
167
167
167
167
166
167
167
167
167
166
166
167
166
167
167
167
166
167
167
167
166
167
167
167
167
167
167
167
167
167
167
167
167
167
167
167
167
167
167
167
167
167
167
167
167
167
167
167
167
167
167
167
167
167
167
167
167
167
166
167
167
167
167
167
167
167
167
167
167
167
167
167
167
167
167
167
167
167
167
167
167
167
167
167
167
167
167
167
167
167
167
167
167
167
167
167
166
167
167
167
167
167
167
167
167
167
167
167
167
167
167
167
167
167
167
167
167
167
167
167
167
167
167
167
167
168
167
167
168
167
167
167
167
167
167
167
167
167
167
167
167
167
167
167
167
167
167
167
167
167
167
167
167
167
167
167
167
167
167
167
167
167
167
167
167
168
168
167
167
167
167
167
167
167
167
167
167
167
167
167
167
167
167
167
167
167
167
167
167
167
167
167
167
167
167
167
167
167
167
167
167
167
167
167
167
167
167
167
167
167
167
167
167
167
167
167
167
168
167
167
167
167
167
167
168
167
167
167
167
168
167
167
167
167
167
167
167
168
167
167
168
167
167
168
168
168
167
168
167
167
167
168
167
167
168
168
167
167
167
167
167
167
168
167
168
168
168
168
167
168
167
167
168
168
167
167
167
167
167
167
167
167
167
167
167
167
167
167
167
167
167
167
167
168
168
168
168
168
168
167
168
168
168
167
168
168
168
167
168
167
168
167
168
168
167
167
168
167
168
167
167
168
167
168
167
168