1544
1543
1544
1543
1544
1543
1544
1543
1547
1545
1545
1544
1544
1541
1542
1543
1543
1546
1543
1545
1544
1546
1545
1544
1544
1543
1544
1545
1544
1543
1544
1543
1544
1543
1543
1543
1544
1542
1542
1541
1543
1542
1543
1542
1542
1542
1541
1539
1540
1543
1541
1541
1541
1541
1542
1540
1541
1539
1544
1541
1541
1542
1540
1541
1540
1541
1541
1543
1539
1541
1540
1538
1537
1539
1539
1539
1537
1539
1537
1537
1539
1539
1537
1539
1538
1538
1536
1539
1538
1537
1538
1537
1536
1539
1537
1537
1537
1537
1537
1537
1536
1538
1538
1539
1536
1538
1537
1536
1537
1539
1537
1537
1536
1536
1536
1537
1536
1535
1535
1535
1536
1536
1536
1536
1536
1534
1536
1535
1535
1535
1534
1534
1536
1534
1535
1535
1534
1535
1536
1535
1533
1535
1535
1534
1533
1533
1534
1535
1533
1533
1536
1535
1533
1533
1536
1532
1532
1533
1532
1532
1531
1535
1534
1532
1531
1533
1530
1532
1532
1532
1532
1533
1532
1532
1532
1532
1531
1532
1534
1531
1532
1532
1531
1531
1531
1531
1530
1529
1531
1528
1531
1531
1532
1530
1529
1527
1531
1529
1529
1531
1531
1529
1529
1532
1531
1531
1528
1531
1530
1528
1528
1528
1528
1530
1528
1530
1528
1531
1530
1529
1528
1528
1529
1528
1529
1528
1529
1528
1528
1528
1527
1527
1528
1528
1526
1526
1526
1526
1528
1526
1526
1529
1527
1528
1526
1526
1526
1527
1527
1527
1527
1526
1526
1527
1525
1527
1525
1526
1526
1527
1527
1525
1523
1524
1525
1526
1527
1525
1523
1524
1523
1524
1524
1524
1525
1524
1524
1525
1523
1523
1523
1523
1523
1523
1524
1523
1523
1523
1522
1523
1521
1522
1523
1524
1523
1522
1524
1523
1524
1521
1523
1521
1522
1521
1522
1522
1521
1522
1522
1521
1521
1521
1522
1520
1521
1521
1522
1521
1520
1521
1521
1520
1520
1521
1520
1520
1521
1520
1522
1521
1522
1522
1521
1521
1520
1521
1520
1521
1521
1520
1521
1522
1520
1520
1520
1521
1519
1519
1522
1521
1520
1520
1520
1520
1520
1519
1520
1519
1520
1521
1520
1520
1519
1517
1519
1519
1520
1519
1519
1518
1518
1519
1519
1519
1519
1518
1519
1518
1517
1517
1518
1519
1520
1518
1519
1518
1519
1517
1518
1516
1516
1517
1516
1517
1516
1517
1519
1519
1513
1518
1517
1519
1516
1516
1516
1516
1518
1516
1516
1516
1516
1515
1516
1518
1515
1517
1516
1516
1518
1517
1519
1518
1516
1515
1517
1516
1513
1515
1515
1513
1513
1512
1513
1516
1513
1514
1516
1515
1513
1513
1514
1513
1513
1515
1516
1513
1513
1512
1512
1512
1511
1510
1511
1512
1513
1511
1512
1510
1512
1512
1511
1511
1512
1511
1512
1511
1511
1512
1511
1512
1511
1510
1510
1510
1510
1512
1510
1512
1511
1510
1511
1510
1511
1510
1510
1511
1510
1510
1510
1510
1511
1511
1510
1510
1509
1511
1510
1510
1509
1510
1510
1509
1508
1509
1510
1511
1510
1510
1508
1508
1509
1509
1508
1508
1507
1507
1508
1508
1510
1507
1508
1508
1507
1507
1507
1507
1507
1507
1507
1507
1507
1507
1507
1507
1508
1508
1507
1507
1508
1508
1507
1507
1505
1507
1507
1507
1507
1507
1507
1505
1505
1507
1507
1505
1506
1507
1505
1506
1505
1505
1505
1507
1504
1504
1504
1508
1505
1506
1504
1507
1506
1506
1504
1505
1504
1505
1507
1504
1504
1504
1504
1505
1504
1504
1503
1504
1504
1503
1505
1504
1502
1504
1502
1504
1503
1504
1503
1504
1504
1503
1502
1503
1502
1501
1500
1502
1500
1501
1502
1503
1500
1501
1502
1503
1500
1502
1500
1501
1500
1500
1501
1500
1501
1502
1501
1501
1500
1500
1499
1502
1499
1498
1499
1498
1498
1500
1500
1501
1497
1499
1499
1500
1499
1497
1497
1497
1499
1497
1498
1498
1496
1497
1497
1497
1497
1496
1496
1496
1496
1498
1496
1498
1497
1496
1497
1496
1497
1497
1496
1496
1497
1496
1495
1495
1497
1496
1495
1496
1496
1495
1496
1496
1495
1495
1498
1496
1496
1495
1495
1496
1495
1496
1496
1494
1494
1494
1495
1495
1495
1496
1494
1494
1494
1494
1494
1494
1492
1493
1495
1493
1493
1495
1494
1494
1494
1493
1491
1492
1494
1494
1492
1494
1491
1494
1491
1491
1493
1494
1493
1492
1491
1490
1495
1491
1492
1494
1493
1493
1492
1491
1492
1489
1491
1491
1491
1489
1490
1488
1491
1491
1491
1489
1489
1489
1489
1491
1488
1488
1488
1488
1488
1488
1489
1489
1490
1489
1487
1488
1487
1488
1488
1487
1487
1487
1488
1489
1490
1489
1486
1486
1487
1487
1486
1486
1486
1487
1486
1487
1486
1485
1486
1485
1487
1485
1484
1485
1487
1487
1485
1484
1484
1484
1484
1485
1485
1484
1486
1484
1484
1484
1487
1484
1483
1484
1484
1483
1484
1484
1484
1483
1484
1484
1483
1483
1483
1484
1484
1485
1483
1482
1483
1483
1483
1480
1483
1480
1483
1481
1481
1482
1481
1481
1481
1481
1482
1482
1480
1482
1480
1483
1481
1480
1480
1481
1480
1480
1479
1480
1481
1480
1479
1480
1480
1481
1478
1479
1479
1480
1479
1479
1480
1480
1480
1478
1478
1480
1479
1479
1479
1479
1478
1478
1479
1478
1477
1479
1479
1478
1477
1478
1478
1478
1477
1478
1476
1479
1476
1476
1478
1476
1477
1476
1477
1477
1476
1475
1476
1476
1476
1477
1476
1476
1475
1475
1475
1474
1475
1475
1475
1476
1475
1473
1475
1475
1476
1476
1475
1474
1473
1474
1474
1474
1473
1474
1475
1475
1472
1472
1472
1472
1475
1472
1474
1472
1473
1473
1473
1473
1472
1472
1473
1472
1472
1473
1472
1472
1472
1472
1472
1472
1472
1471
1471
1471
1473
1472
1472
1471
1472
1470
1470
1472
1472
1470
1470
1469
1470
1468
1470
1468
1469
1469
1467
1471
1467
1468
1467
1470
1470
1469
1464
1468
1464
1468
1467
1465
1465
1464
1466
1464
1467
1465
1464
1464
1465
1465
1463
1465
1465
1465
1464
1463
1464
1464
1464
1463
1462
1462
1462
1463
1462
1462
1463
1462
1463
1462
1460
1459
1463
1462
1461
1462
1461
1460
1460
1462
1460
1460
1461
1461
1459
1461
1462
1459
1460
1459
1459
1459
1459
1459
1461
1459
1459
1460
1458
1459
1461
1459
1458
1459
1459
1459
1459
1458
1459
1458
1458
1458
1457
1457
1457
1458
1456
1459
1459
1457
1459
1458
1458
1456
1457
1456
1456
1456
1457
1457
1456
1456
1456
1456
1456
1457
1455
1457
1456
1456
1456
1458
1458
1458
1456
1459
1456
1457
1456
1457
1457
1459
1459
1457
1457
1457
1457
1458
1459
1457
1459
1460
1457
1457
1458
1459
1458
1459
1458
1461
1459
1461
1459
1459
1459
1461
1459
1460
1460
1461
1462
1462
1460
1461
1461
1460
1462
1463
1460
1463
1461
1462
1460
1462
1461
1460
1461
1463
1462
1462
1462
1463
1463
1462
1462
1462
1463
1463
1464
1463
1463
1464
1463
1462
1464
1462
1462
1463
1464
1462
1462
1462
1462
1463
1463
1462
1464
1463
1462
1462
1463
1461
1462
1463
1460
1462
1462
1459
1459
1461
1459
1460
1462
1462
1460
1462
1460
1461
1459
1460
1458
1459
1458
1459
1459
1459
1459
1459
1459
1459
1457
1460
1459
1459
1457
1457
1456
1457
1455
1456
1456
1456
1454
1455
1456
1455
1456
1457
1454
1454
1456
1454
1452
1452
1453
1452
1452
1452
1452
1453
1450
1451
1451
1449
1449
1451
1450
1449
1450
1448
1448
1447
1448
1450
1448
1447
1447
1447
1447
1447
1445
1444
1445
1444
1446
1447
1448
1448
1446
1446
1446
1448
1446
1446
1445
1445
1444
1447
1445
1444
1444
1446
1444
1443
1442
1443
1441
1442
1442
1440
1442
1441
1443
1440
1439
1441
1440
1442
1439
1439
1442
1441
1440
1440
1438
1437
1438
1438
1438
1439
1438
1439
1438
1438
1436
1437
1438
1438
1438
1437
1437
1437
1437
1437
1436
1435
1437
1435
1435
1433
1436
1437
1437
1436
1434
1435
1436
1436
1434
1433
1433
1432
1433
1436
1435
1434
1433
1433
1432
1434
1432
1433
1432
1432
1435
1434
1434
1432
1433
1432
1432
1432
1432
1432
1432
1430
1432
1431
1431
1430
1430
1428
1429
1428
1430
1429
1428
1430
1429
1429
1430
1428
1428
1427
1429
1427
1427
1427
1429
1427
1427
1427
1426
1427
1427
1427
1427
1425
1427
1423
1426
1425
1427
1425
1425
1426
1424
1426
1425
1427
1425
1425
1424
1424
1423
1425
1425
1423
1423
1422
1422
1424
1424
1423
1423
1425
1424
1427
1426
1423
1423
1422
1424
1425
1424
1424
1424
1425
1424
1423
1422
1423
1423
1420
1424
1422
1420
1421
1421
1422
1420
1422
1422
1419
1419
1417
1420
1418
1417
1420
1417
1420
1419
1419
1416
1417
1418
1419
1418
1420
1416
1417
1417
1418
1417
1419
1418
1417
1417
1417
1417
1417
1415
1417
1416
1416
1417
1416
1416
1416
1415
1416
1415
1414
1415
1414
1414
1415
1415
1415
1415
1414
1415
1415
1413
1415
1414
1416
1414
1414
1412
1411
1412
1412
1410
1411
1414
1412
1411
1411
1414
1411
1409
1410
1411
1412
1411
1412
1411
1411
1411
1411
1411
1410
1410
1410
1409
1408
1408
1411
1408
1408
1408
1408
1408
1407
1406
1409
1407
1407
1407
1408
1408
1405
1408
1405
1407
1406
1405
1406
1406
1406
1405
1404
1406
1405
1406
1408
1404
1403
1404
1406
1403
1405
1404
1406
1403
1404
1404
1404
1404
1403
1406
1404
1401
1403
1402
1403
1401
1404
1403
1401
1400
1401
1402
1404
1404
1400
1400
1403
1401
1400
1400
1401
1402
1401
1403
1403
1400
1401
1401
1400
1400
1399
1398
1401
1399
1399
1400
1400
1398
1398
1400
1399
1399
1399
1399
1399
1397
1396
1396
1396
1396
1396
1396
1396
1395
1395
1394
1395
1394
1394
1392
1392
1392
1392
1392
1393
1393
1394
1393
1395
1395
1395
1392
1394
1395
1392
1391
1392
1391
1392
1391
1391
1391
1391
1391
1392
1390
1389
1388
1388
1388
1388
1391
1392
1389
1388
1389
1389
1388
1390
1387
1388
1388
1387
1388
1388
1387
1387
1386
1388
1387
1389
1389
1386
1387
1385
1388
1387
1387
1385
1385
1385
1386
1386
1388
1388
1387
1387
1385
1385
1383
1384
1385
1384
1383
1383
1384
1384
1384
1383
1384
1383
1381
1381
1381
1382
1381
1380
1383
1381
1383
1381
1382
1382
1380
1382
1380
1381
1379
1382
1380
1381
1382
1383
1380
1380
1379
1381
1382
1379
1380
1383
1380
1382
1379
1379
1377
1378
1377
1378
1378
1378
1378
1377
1378
1376
1376
1374
1375
1376
1375
1374
1376
1375
1375
1375
1374
1374
1376
1376
1376
1374
1374
1375
1375
1374
1374
1374
1374
1375
1374
1377
1377
1376
1375
1377
1378
1377
1376
1376
1375
1376
1377
1377
1379
1379
1379
1378
1379
1378
1379
1377
1378
1377
1378
1379
1379
1380
1382
1378
1379
1380
1379
1379
1379
1382
1382
1379
1380
1380
1382
1382
1383
1382
1383
1383
1383
1382
1383
1382
1383
1382
1381
1382
1383
1384
1381
1384
1383
1382
1382
1383
1380
1380
1379
1379
1382
1380
1379
1379
1380
1381
1380
1379
1380
1379
1377
1377
1378
1376
1378
1379
1377
1376
1376
1377
1377
1376
1375
1375
1375
1374
1374
1375
1375
1374
1372
1374
1372
1374
1375
1371
1372
1372
1371
1371
1372
1370
1371
1372
1369
1369
1368
1369
1369
1368
1368
1369
1368
1369
1368
1369
1366
1366
1368
1367
1367
1366
1366
1366
1366
1366
1364
1364
1365
1364
1363
1364
1363
1362
1363
1363
1361
1361
1361
1363
1362
1359
1360
1362
1360
1360
1359
1359
1359
1359
1358
1358
1358
1357
1357
1358
1356
1355
1356
1356
1355
1356
1355
1355
1355
1356
1356
1353
1352
1352
1354
1353
1352
1353
1352
1353
1354
1353
1353
1351
1351
1352
1351
1351
1351
1352
1351
1351
1351
1353
1351
1348
1349
1352
1350
1350
1351
1349
1351
1350
1349
1348
1347
1347
1348
1347
1348
1347
1348
1348
1346
1347
1347
1348
1348
1347
1346
1347
1346
1347
1345
1346
1347
1347
1345
1344
1345
1345
1344
1344
1344
1344
1346
1344
1344
1343
1343
1345
1343
1343
1340
1345
1344
1340
1343
1340
1340
1339
1341
1337
1338
1340
1336
1337
1339
1336
1335
1336
1334
1335
1334
1335
1336
1335
1333
1334
1334
1335
1334
1334
1334
1335
1334
1335
1335
1334
1334
1333
1333
1334
1331
1331
1329
1331
1331
1333
1331
1331
1332
1330
1332
1331
1332
1329
1329
1330
1329
1329
1331
1329
1328
1329
1329
1328
1329
1328
1328
1329
1328
1327
1327
1327
1327
1328
1326
1327
1327
1326
1328
1326
1326
1326
1326
1326
1325
1326
1327
1327
1326
1327
1324
1324
1324
1324
1327
1324
1325
1324
1323
1324
1324
1324
1323
1324
1323
1324
1324
1323
1323
1322
1323
1321
1321
1323
1324
1323
1321
1323
1323
1321
1320
1322
1320
1320
1320
1320
1320
1319
1319
1320
1319
1318
1319
1319
1319
1317
1318
1318
1320
1319
1318
1317
1318
1317
1318
1319
1318
1318
1319
1318
1316
1318
1316
1315
1315
1313
1316
1318
1315
1315
1317
1314
1317
1313
1312
1313
1313
1312
1312
1313
1311
1315
1310
1312
1312
1313
1313
1313
1313
1312
1313
1312
1311
1310
1311
1311
1310
1310
1310
1310
1310
1311
1309
1309
1308
1308
1308
1309
1309
1308
1308
1308
1308
1308
1308
1309
1307
1308
1307
1309
1308
1306
1308
1305
1307
1307
1308
1305
1304
1305
1305
1307
1305
1304
1306
1304
1305
1305
1304
1303
1302
1303
1304
1303
1302
1303
1302
1301
1303
1303
1303
1303
1302
1303
1301
1302
1303
1302
1301
1303
1301
1298
1300
1300
1299
1299
1299
1301
1300
1299
1302
1299
1303
1302
1303
1303
1303
1303
1303
1303
1304
1304
1306
1305
1307
1305
1305
1304
1307
1308
1305
1304
1307
1304
1309
1308
1309
1308
1307
1309
1311
1309
1310
1310
1310
1311
1311
1312
1311
1310
1312
1311
1309
1311
1310
1309
1309
1308
1310
1309
1308
1311
1308
1310
1311
1308
1308
1308
1308
1307
1305
1306
1306
1306
1304
1304
1304
1304
1304
1303
1303
1304
1301
1304
1301
1305
1302
1303
1299
1300
1301
1300
1299
1299
1301
1299
1297
1297
1299
1298
1299
1298
1297
1298
1299
1298
1297
1297
1297
1296
1296
1297
1297
1295
1295
1296
1295
1293
1293
1294
1292
1294
1292
1292
1292
1292
1292
1290
1289
1290
1291
1290
1290
1291
1288
1288
1290
1288
1288
1288
1288
1287
1287
1285
1285
1284
1283
1284
1283
1282
1283
1283
1283
1284
1282
1283
1282
1282
1282
1282
1280
1280
1280
1280
1280
1280
1281
1280
1279
1279
1279
1279
1279
1279
1279
1279
1280
1278
1277
1278
1278
1279
1279
1278
1276
1277
1277
1276
1278
1278
1275
1276
1276
1276
1276
1276
1276
1274
1274
1274
1275
1272
1273
1273
1274
1273
1273
1275
1272
1273
1274
1273
1273
1272
1272
1272
1271
1270
1272
1272
1272
1271
1269
1270
1270
1269
1270
1269
1268
1268
1269
1269
1270
1268
1267
1268
1267
1268
1268
1267
1265
1265
1267
1265
1264
1265
1264
1264
1265
1264
1264
1264
1263
1263
1264
1263
1264
1263
1264
1264
1263
1262
1263
1263
1262
1262
1262
1263
1261
1262
1259
1261
1260
1260
1261
1261
1260
1260
1260
1259
1261
1259
1259
1259
1259
1259
1260
1256
1256
1256
1259
1257
1257
1258
1257
1257
1256
1256
1256
1257
1258
1256
1257
1255
1256
1255
1255
1255
1256
1255
1254
1255
1254
1255
1255
1255
1255
1253
1254
1253
1252
1252
1251
1252
1253
1255
1252
1252
1252
1252
1252
1252
1252
1252
1251
1253
1249
1251
1251
1250
1250
1250
1250
1250
1248
1248
1251
1249
1248
1251
1248
1249
1249
1249
1249
1248
1246
1248
1248
1246
1248
1247
1247
1248
1245
1246
1246
1246
1247
1247
1247
1247
1246
1247
1246
1245
1247
1244
1243
1244
1245
1243
1243
1244
1244
1244
1243
1244
1240
1244
1241
1242
1241
1243
1241
1245
1243
1241
1242
1240
1241
1240
1240
1240
1239
1239
1240
1238
1239
1239
1240
1239
1238
1240
1237
1236
1239
1236
1239
1236
1237
1236
1238
1235
1238
1237
1235
1237
1236
1237
1236
1236
1238
1238
1237
1240
1239
1238
1239
1238
1239
1238
1239
1239
1240
1240
1241
1241
1241
1242
1241
1242
1242
1243
1243
1244
1244
1244
1244
1245
1246
1246
1244
1244
1247
1244
1247
1247
1247
1248
1248
1246
1248
1248
1247
1246
1246
1246
1247
1246
1244
1246
1245
1244
1244
1244
1244
1243
1242
1243
1242
1242
1242
1241
1241
1243
1241
1241
1240
1240
1240
1239
1240
1239
1239
1238
1239
1237
1239
1239
1237
1237
1238
1238
1236
1236
1236
1237
1236
1235
1235
1236
1236
1235
1236
1234
1234
1233
1234
1234
1234
1233
1234
1233
1232
1233
1231
1232
1231
1231
1231
1231
1230
1230
1230
1231
1229
1229
1229
1228
1225
1228
1227
1227
1228
1228
1226
1225
1225
1224
1224
1223
1227
1225
1223
1222
1221
1223
1222
1220
1222
1222
1222
1222
1221
1221
1220
1220
1219
1221
1219
1223
1221
1219
1219
1218
1220
1221
1221
1219
1219
1217
1220
1218
1219
1217
1216
1218
1216
1215
1215
1216
1216
1217
1216
1216
1215
1216
1215
1214
1214
1216
1212
1213
1215
1212
1213
1212
1214
1212
1211
1212
1212
1211
1209
1209
1210
1210
1210
1208
1209
1211
1209
1207
1209
1208
1208
1207
1207
1208
1206
1206
1206
1207
1206
1206
1207
1205
1207
1204
1206
1207
1206
1204
1204
1203
1204
1204
1202
1203
1203
1202
1203
1202
1203
1201
1202
1201
1204
1201
1200
1204
1201
1200
1200
1200
1200
1200
1201
1199
1198
1195
1198
1197
1198
1197
1198
1198
1198
1198
1200
1196
1196
1197
1196
1197
1195
1195
1195
1195
1195
1195
1195
1195
1196
1195
1194
1193
1195
1193
1193
1192
1192
1190
1191
1192
1191
1192
1191
1190
1191
1191
1191
1192
1191
1190
1191
1191
1191
1189
1191
1190
1188
1189
1188
1188
1188
1188
1187
1188
1188
1186
1187
1185
1187
1185
1185
1187
1187
1184
1186
1187
1187
1185
1184
1185
1185
1187
1185
1184
1185
1184
1184
1182
1184
1183
1185
1183
1183
1183
1183
1183
1183
1182
1181
1182
1183
1181
1180
1181
1182
1178
1180
1180
1179
1179
1180
1179
1180
1180
1179
1179
1180
1178
1180
1177
1179
1178
1177
1179
1178
1179
1178
1178
1178
1180
1180
1179
1180
1181
1182
1181
1181
1182
1182
1182
1182
1183
1184
1183
1184
1184
1185
1184
1184
1184
1184
1186
1186
1187
1187
1186
1187
1187
1190
1189
1189
1189
1189
1188
1188
1188
1187
1190
1188
1188
1188
1187
1187
1186
1187
1187
1185
1188
1187
1186
1187
1185
1185
1187
1186
1185
1185
1185
1183
1183
1185
1185
1183
1182
1183
1182
1180
1180
1181
1182
1180
1178
1179
1178
1180
1180
1179
1177
1177
1179
1177
1179
1176
1179
1176
1174
1177
1174
1174
1174
1174
1171
1171
1171
1173
1171
1171
1172
1172
1172
1171
1170
1167
1171
1169
1168
1169
1169
1168
1167
1168
1168
1167
1167
1167
1166
1166
1166
1165
1167
1166
1165
1164
1164
1165
1164
1161
1162
1164
1163
1163
1163
1163
1161
1160
1162
1160
1160
1161
1161
1159
1159
1160
1160
1159
1159
1159
1159
1160
1157
1156
1159
1156
1158
1156
1155
1155
1154
1154
1155
1155
1155
1155
1153
1152
1152
1153
1154
1151
1151
1151
1151
1150
1149
1151
1148
1148
1148
1148
1148
1148
1150
1148
1148
1147
1148
1147
1148
1146
1147
1146
1144
1144
1146
1148
1145
1144
1144
1147
1144
1144
1144
1144
1145
1144
1146
1143
1141
1143
1141
1142
1141
1143
1142
1142
1142
1142
1142
1140
1140
1140
1139
1139
1139
1139
1140
1139
1139
1138
1140
1137
1137
1138
1139
1137
1139
1137
1137
1138
1137
1137
1135
1137
1135
1136
1134
1135
1135
1135
1135
1135
1136
1134
1134
1135
1134
1134
1134
1132
1135
1132
1134
1132
1134
1132
1132
1131
1131
1132
1133
1132
1131
1133
1133
1133
1132
1132
1133
1134
1135
1133
1134
1134
1136
1137
1136
1138
1136
1138
1137
1137
1140
1139
1140
1141
1141
1140
1139
1142
1142
1142
1142
1142
1142
1142
1142
1144
1142
1141
1141
1142
1142
1142
1142
1140
1141
1141
1141
1141
1140
1141
1141
1142
1140
1142
1140
1139
1141
1138
1138
1138
1139
1138
1139
1140
1140
1138
1139
1139
1139
1138
1138
1139
1138
1138
1137
1136
1136
1137
1136
1136
1136
1136
1135
1134
1134
1134
1134
1135
1132
1134
1131
1132
1132
1132
1131
1131
1131
1127
1129
1130
1129
1128
1129
1129
1127
1128
1127
1127
1127
1127
1125
1124
1126
1125
1124
1124
1126
1125
1124
1125
1123
1123
1123
1123
1122
1121
1122
1122
1121
1123
1121
1120
1122
1122
1121
1120
1119
1121
1120
1118
1120
1118
1116
1118
1117
1118
1118
1119
1119
1116
1117
1116
1116
1116
1115
1114
1113
1112
1113
1113
1114
1114
1113
1111
1111
1112
1112
1110
1111
1111
1111
1110
1110
1109
1108
1109
1107
1108
1105
1107
1108
1108
1106
1107
1106
1105
1107
1106
1105
1105
1103
1104
1103
1103
1101
1103
1101
1102
1103
1103
1103
1101
1101
1102
1103
1101
1101
1099
1101
1100
1101
1100
1100
1100
1100
1100
1098
1100
1099
1099
1098
1097
1097
1097
1097
1098
1097
1096
1097
1095
1097
1095
1096
1095
1095
1096
1097
1095
1094
1094
1091
1093
1093
1092
1093
1091
1094
1093
1093
1092
1091
1092
1094
1092
1092
1092
1093
1094
1094
1095
1094
1097
1097
1099
1096
1099
1100
1099
1099
1100
1102
1100
1101
1103
1102
1103
1102
1104
1105
1105
1103
1104
1106
1106
1105
1105
1105
1106
1106
1107
1105
1103
1104
1105
1105
1106
1107
1107
1106
1107
1105
1107
1107
1107
1107
1107
1106
1107
1107
1105
1105
1106
1107
1104
1107
1107
1104
1104
1104
1103
1103
1103
1103
1103
1103
1102
1102
1102
1102
1102
1101
1102
1101
1100
1098
1099
1099
1097
1099
1097
1097
1097
1099
1095
1099
1097
1096
1094
1092
1093
1093
1092
1092
1091
1091
1092
1091
1089
1091
1091
1089
1089
1089
1089
1089
1090
1089
1088
1088
1089
1090
1088
1087
1087
1087
1086
1087
1087
1086
1087
1084
1084
1084
1084
1084
1083
1084
1084
1083
1083
1082
1082
1082
1081
1082
1080
1081
1081
1080
1079
1080
1079
1078
1079
1080
1079
1079
1079
1077
1076
1076
1077
1076
1075
1075
1075
1075
1074
1075
1073
1073
1073
1074
1073
1073
1073
1072
1073
1072
1072
1072
1072
1071
1071
1070
1070
1070
1069
1069
1067
1068
1067
1067
1067
1068
1066
1068
1065
1067
1066
1065
1064
1066
1064
1064
1064
1064
1063
1065
1063
1063
1063
1063
1062
1062
1060
1061
1062
1062
1062
1061
1060
1061
1060
1060
1060
1059
1060
1060
1059
1058
1058
1058
1059
1058
1057
1057
1058
1057
1056
1057
1057
1057
1059
1058
1057
1056
1055
1056
1055
1055
1055
1055
1055
1054
1054
1054
1054
1055
1054
1054
1053
1054
1053
1052
1052
1053
1054
1053
1053
1054
1055
1054
1052
1052
1055
1055
1057
1056
1055
1056
1058
1059
1059
1060
1060
1060
1062
1062
1062
1063
1063
1064
1063
1065
1064
1064
1065
1065
1068
1068
1068
1068
1067
1068
1068
1069
1068
1068
1068
1068
1068
1070
1068
1067
1067
1067
1068
1070
1069
1071
1068
1070
1070
1068
1068
1067
1068
1068
1068
1068
1065
1065
1065
1066
1067
1064
1065
1064
1065
1067
1067
1064
1065
1065
1064
1063
1063
1063
1063
1063
1061
1062
1060
1059
1059
1059
1059
1060
1060
1057
1061
1059
1059
1058
1058
1057
1057
1055
1056
1057
1054
1055
1054
1053
1052
1054
1053
1052
1055
1055
1052
1054
1052
1052
1052
1051
1049
1051
1051
1049
1052
1050
1049
1050
1048
1048
1048
1049
1049
1047
1047
1047
1047
1048
1048
1047
1046
1046
1045
1044
1047
1047
1046
1043
1046
1044
1044
1043
1043
1044
1042
1042
1041
1042
1043
1041
1041
1041
1040
1039
1039
1040
1039
1039
1038
1038
1038
1038
1038
1036
1037
1037
1037
1036
1036
1035
1035
1034
1035
1033
1035
1032
1032
1032
1033
1032
1031
1031
1030
1031
1032
1031
1030
1030
1029
1029
1029
1029
1027
1027
1028
1027
1029
1027
1027
1026
1025
1027
1027
1023
1026
1024
1024
1024
1026
1023
1024
1023
1024
1023
1022
1023
1022
1021
1020
1021
1021
1021
1020
1020
1020
1020
1020
1019
1018
1019
1018
1019
1018
1016
1017
1017
1017
1017
1016
1015
1016
1016
1016
1016
1015
1014
1013
1014
1012
1013
1012
1014
1011
1012
1012
1012
1014
1013
1012
1011
1012
1015
1012
1014
1014
1015
1015
1016
1018
1020
1020
1019
1020
1022
1023
1023
1024
1025
1025
1025
1026
1025
1027
1027
1026
1027
1028
1030
1028
1028
1028
1029
1029
1029
1028
1029
1030
1030
1028
1031
1029
1029
1028
1029
1029
1028
1030
1027
1028
1026
1027
1027
1027
1027
1026
1027
1027
1027
1026
1024
1025
1025
1024
1023
1023
1023
1023
1022
1023
1022
1020
1020
1020
1020
1020
1019
1018
1017
1018
1018
1018
1018
1016
1015
1016
1016
1016
1015
1014
1014
1014
1016
1013
1013
1011
1012
1014
1011
1012
1011
1012
1012
1012
1012
1010
1010
1011
1009
1011
1009
1008
1009
1008
1009
1010
1008
1007
1007
1008
1007
1006
1007
1006
1006
1006
1006
1007
1007
1005
1005
1004
1005
1005
1004
1003
1002
1003
1004
1002
1003
1000
1000
1003
999
1000
1001
1001
998
999
999
1000
999
998
999
997
996
997
996
996
995
996
996
996
995
995
993
993
994
993
993
992
992
993
993
990
990
990
991
990
989
989
989
990
990
989
988
987
987
987
988
986
986
985
985
985
985
985
985
984
985
983
983
983
983
984
983
980
982
982
983
980
981
980
980
980
979
981
979
979
979
979
977
977
980
978
977
978
979
977
977
977
976
975
974
976
975
975
974
972
974
974
974
973
973
972
971
972
972
971
971
970
971
970
971
970
970
968
970
969
969
969
969
972
972
971
973
975
975
975
976
977
979
979
981
979
980
981
983
982
983
984
983
983
984
985
985
985
985
984
984
985
985
985
984
984
984
985
984
985
983
984
984
984
984
983
984
984
984
983
982
984
981
983
982
981
983
981
981
980
980
982
980
980
979
978
977
977
978
977
976
977
976
976
975
975
974
975
974
973
972
973
973
972
974
972
972
972
969
972
970
971
970
970
969
970
969
968
969
967
969
967
969
969
966
966
968
968
968
967
967
966
967
967
966
965
966
965
966
964
965
965
964
963
963
963
963
962
963
962
962
964
962
961
961
962
961
961
960
959
959
959
958
959
959
959
958
958
957
959
958
957
956
956
955
956
956
955
954
955
956
956
955
955
953
952
953
953
951
951
950
951
950
950
951
952
950
950
950
949
948
947
947
947
946
947
947
947
947
946
947
946
945
944
944
944
946
944
944
945
944
943
943
941
941
941
942
942
942
942
943
942
941
940
941
940
939
939
938
938
938
938
940
940
939
938
937
936
936
936
935
935
936
935
936
935
936
936
935
934
934
935
935
934
934
934
936
936
935
937
937
937
940
941
940
942
940
943
943
941
944
945
945
944
945
946
946
945
946
946
945
947
947
944
945
947
945
945
945
945
945
945
945
943
944
945
943
944
944
943
943
944
943
942
941
942
941
940
940
940
942
940
939
938
939
941
938
938
937
939
937
935
935
935
935
934
935
934
935
934
934
934
933
932
932
933
932
932
931
931
931
931
930
931
931
929
930
931
929
929
930
929
930
930
930
928
929
929
928
928
927
928
927
929
927
926
928
927
926
924
924
925
925
926
923
924
924
924
923
921
923
921
921
921
921
922
921
920
920
919
919
919
920
919
918
918
918
916
918
918
918
919
915
916
916
915
915
915
914
914
914
913
913
913
912
912
912
912
912
912
911
911
911
911
909
910
911
910
910
911
911
909
909
910
910
908
907
907
907
906
908
907
907
907
906
906
906
905
905
905
905
905
905
904
904
905
904
904
902
903
902
903
902
902
901
900
902
902
900
902
903
901
900
900
899
898
899
899
899
899
899
898
899
898
898
898
899
899
900
902
902
902
902
903
903
904
905
905
905
906
908
906
907
908
908
908
908
909
909
910
910
908
909
908
910
908
909
908
909
908
909
908
909
908
907
907
907
906
907
907
905
906
904
905
905
906
906
906
905
904
903
903
903
904
904
903
903
903
903
903
901
901
902
900
900
900
900
899
901
899
899
898
897
898
897
897
899
897
897
896
898
896
896
894
895
894
896
896
896
894
894
895
894
892
894
894
893
892
893
894
894
894
893
893
892
892
892
890
891
892
892
891
892
889
890
890
890
889
888
888
889
888
888
888
888
888
887
886
886
885
886
886
886
885
884
884
886
885
884
884
882
882
882
881
883
882
884
882
880
882
880
880
879
878
878
879
878
879
878
878
878
877
878
876
877
875
877
876
876
876
875
875
873
873
874
873
873
874
873
876
873
872
873
872
870
871
870
872
871
871
871
871
872
871
871
870
869
869
870
868
870
869
868
867
868
866
867
867
867
867
866
866
866
865
865
864
865
864
863
864
863
864
864
863
863
863
864
863
864
864
867
867
868
867
869
870
870
871
870
871
874
872
872
873
873
874
872
872
872
872
874
872
874
873
873
873
872
871
871
872
872
871
871
871
872
871
870
870
868
870
870
869
870
868
870
869
869
868
868
868
866
867
866
867
865
867
865
865
865
864
863
864
863
862
862
863
863
864
863
862
861
861
860
860
860
860
861
861
860
860
860
860
857
858
859
860
857
859
859
858
858
857
857
858
857
857
857
857
856
856
856
855
855
855
854
855
856
855
855
854
854
852
852
851
852
851
852
852
851
851
851
851
850
849
849
850
849
848
849
850
848
848
850
848
847
847
847
847
847
847
847
848
847
846
847
846
845
845
844
844
844
844
846
845
844
845
844
841
841
842
841
841
841
843
842
841
842
841
840
840
839
840
840
840
840
839
838
838
839
839
838
838
837
838
837
836
836
836
836
836
837
838
835
835
835
834
835
835
835
834
834
835
833
834
833
833
833
831
833
833
831
831
832
831
830
830
831
830
828
828
828
829
828
828
830
828
830
829
831
830
831
832
833
833
835
835
835
835
835
835
838
836
837
837
836
837
837
838
837
837
838
837
838
836
837
836
836
837
836
835
836
835
836
835
835
834
836
834
834
834
835
833
832
833
832
832
831
831
831
832
831
829
830
831
830
830
828
830
828
827
828
828
828
826
827
825
826
827
826
826
826
824
825
825
825
825
824
824
824
825
824
824
825
824
824
822
822
823
823
822
824
823
822
822
821
821
822
820
820
821
819
821
820
821
819
819
819
820
819
817
818
818
818
817
818
817
817
816
815
816
816
814
815
814
815
814
813
812
812
812
812
813
812
811
811
812
811
811
812
810
809
811
810
809
809
809
808
809
808
807
808
807
807
807
805
805
806
807
805
805
803
806
803
803
803
804
803
803
803
801
801
801
802
800
801
801
799
799
800
800
798
799
798
798
798
799
796
797
796
797
796
794
795
794
794
793
792
792
792
790
791
790
789
788
788
788
788
787
787
788
787
787
787
787
788
788
788
788
788
789
788
788
789
789
788
787
788
788
786
788
786
786
787
785
786
785
785
784
783
783
784
782
782
780
781
780
780
779
777
778
777
776
776
775
775
775
774
773
771
772
772
771
772
770
770
769
767
768
768
767
767
766
764
764
763
763
763
763
761
761
760
760
760
760
759
756
758
756
756
756
756
756
754
753
753
752
753
752
751
751
750
750
750
748
748
748
747
747
746
746
744
745
744
743
742
742
741
740
740
739
739
738
737
736
736
736
736
736
733
734
732
732
731
731
730
730
729
728
729
727
726
726
725
724
724
723
722
723
721
720
719
719
718
717
718
716
716
715
715
714
712
712
712
711
710
710
709
709
709
708
708
707
707
705
705
705
704
703
703
703
702
700
700
699
699
699
698
697
697
696
696
695
695
695
694
692
692
692
691
690
690
689
688
687
686
685
685
684
684
683
683
682
681
681
682
680
681
680
680
679
679
679
678
678
677
678
677
676
676
675
675
674
674
673
672
671
672
672
671
670
669
668
668
666
666
666
664
664
663
663
661
662
660
658
659
657
657
655
655
654
654
652
651
651
650
649
647
648
646
646
645
643
643
642
641
639
639
637
638
637
636
636
635
634
633
632
631
630
630
627
627
627
627
625
625
624
623
623
622
620
620
619
617
616
615
615
615
613
612
611
611
610
608
608
607
606
604
604
604
602
601
600
599
599
596
596
595
595
593
592
591
591
590
588
588
586
586
584
584
583
582
580
580
579
577
576
575
574
574
572
572
571
569
568
567
566
565
564
563
562
561
560
559
559
557
556
556
554
553
552
551
549
550
548
547
547
545
545
544
542
541
540
540
538
537
536
536
535
534
532
531
531
530
529
529
527
527
525
524
524
524
523
522
522
521
519
518
518
517
516
516
515
514
514
512
511
510
510
509
508
506
505
505
504
502
502
501
500
498
497
496
495
494
493
492
490
489
489
488
486
486
485
484
483
482
481
480
479
478
476
476
474
474
472
472
470
470
468
467
466
466
465
464
463
462
461
460
460
459
457
456
455
456
454
453
452
451
451
449
448
447
446
445
444
444
442
441
440
440
438
438
436
435
434
433
432
432
432
429
429
428
428
427
426
426
424
424
423
421
421
420
420
419
417
417
416
414
414
413
412
411
411
409
409
408
408
406
406
404
403
403
402
401
401
399
399
398
397
397
395
395
394
393
392
391
391
390
388
388
388
387
386
385
385
384
383
381
381
381
380
379
378
378
377
377
376
376
375
375
374
373
373
372
372
371
371
370
369
368
368
367
367
366
366
364
364
363
363
361
361
360
360
359
358
357
357
356
356
355
354
354
353
353
352
351
350
350
348
348
348
348
346
346
345
344
344
344
343
342
342
340
341
340
339
339
337
338
337
336
335
334
334
334
333
332
332
332
331
330
330
329
328
328
328
327
326
327
326
325
324
324
323
322
322
322
321
320
320
319
319
318
318
318
317
316
316
315
315
314
314
313
312
312
312
311
311
310
310
309
308
308
308
308
307
306
306
305
305
304
305
304
303
303
302
302
301
301
301
301
300
299
299
298
297
297
297
297
296
296
295
295
294
294
294
293
292
292
292
291
291
291
290
289
289
288
289
288
287
287
286
286
286
286
285
285
284
284
284
284
284
283
283
283
283
282
282
281
281
281
281
280
280
280
280
279
279
278
278
278
277
277
277
276
276
276
275
275
275
274
274
274
273
273
273
272
272
272
271
271
271
270
270
269
269
269
268
268
268
268
267
267
268
267
266
266
265
266
265
265
265
264
264
264
263
263
263
262
262
262
262
261
261
261
261
260
260
260
260
259
259
259
258
258
258
258
257
257
256
256
256
256
256
255
255
255
254
254
254
254
254
253
253
252
252
252
252
252
251
251
251
250
250
250
249
249
249
248
248
248
248
247
247
247
247
247
246
246
246
246
245
245
245
245
244
244
244
243
243
243
242
243
242
242
242
242
241
241
241
241
241
240
240
240
240
239
239
239
239
238
238
239
238
237
237
237
236
237
237
236
237
236
236
236
235
235
235
235
234
234
234
234
233
234
233
233
233
233
232
232
233
232
232
232
232
231
231
232
231
231
231
230
230
230
230
229
229
229
229
228
228
228
228
228
228
227
227
227
227
226
226
226
226
226
226
225
225
225
224
224
224
224
224
224
223
223
223
223
222
222
222
222
222
221
221
221
221
221
220
220
220
220
219
220
219
220
219
219
219
219
219
219
218
218
218
218
217
217
217
217
217
217
217
216
216
216
216
216
215
215
215
214
215
215
214
215
214
214
214
214
214
213
213
213
213
213
213
212
212
212
212
212
211
211
211
211
210
211
210
210
210
209
209
209
209
209
208
209
208
208
208
208
208
208
207
207
207
207
207
207
206
207
206
206
206
206
206
205
206
205
205
205
204
204
205
204
204
204
204
204
203
204
203
203
203
203
203
202
203
202
202
202
202
202
201
201
202
201
201
201
201
201
201
201
201
201
201
201
201
200
201
200
200
200
200
200
200
200
199
199
199
199
199
199
198
199
198
198
198
198
198
198
198
197
197
197
197
196
197
196
196
196
196
196
196
196
195
196
195
195
195
195
195
195
195
195
195
194
194
194
194
194
194
194
194
194
194
193
193
193
193
193
192
193
192
193
192
192
192
192
192
192
192
192
191
191
191
191
191
191
190
191
190
190
190
190
190
190
190
190
190
190
189
189
189
189
189
189
189
189
188
188
188
188
188
188
188
188
188
188
187
187
187
187
187
187
187
187
187
186
186
186
186
186
186
186
186
185
186
185
185
185
185
185
185
185
185
185
185
185
185
185
185
184
184
184
185
185
185
185
184
185
185
185
185
185
185
186
186
186
186
186
186
187
187
187
186
187
187
187
187
186
186
186
186
187
186
186
186
186
186
186
186
186
186
185
185
186
186
185
185
185
185
185
185
185
184
184
185
184
184
184
184
183
183
183
183
183
183
182
182
182
182
182
182
182
182
182
181
181
181
181
181
181
181
181
181
180
181
181
180
180
180
180
180
180
179
179
179
179
179
178
178
178
178
178
178
178
178
178
177
178
177
177
177
177
177
177
177
177
177
177
177
177
176
176
176
176
176
176
176
175
175
175
175
175
175
175
175
175
175
175
174
174
174
174
174
174
174
174
174
174
174
174
174
174
174
174
174
174
173
174
173
173
174
173
173
173
173
173
173
173
173
172
172
172
172
172
172
172
172
172
172
172
172
172
172
172
172
172
172
172
172
172
172
172
172
172
172
172
172
171
171
171
171
171
171
171
171
171
171
170
171
170
170
170
170
170
170
170
170
170
170
170
170
170
170
170
170
169
170
170
170
170
170
170
170
170
170
169
170
170
169
169
170
169
169
169
169
169
169
169
169
168
169
168
168
168
168
168
168
168
168
168
168
168
168
168
168
168
167
168
168
168
168
168
168
168
167
167
168
167
168
167
167
167
167
167
167
167
167
167
167
167
167
166
166
167
166
166
166
167
166
166
166
166
166
166
166
166
166
166
166
166
166
166
166
166
166
165
165
165
165
165
165
166
165
165
166
165
165
165
165
165
166
166
166
166
166
166
166
166
166
166
166
167
166
166
166
167
166
167
167
166
166
167
167
167
166
167
166
166
166
166
166
166
166
166
166
166
166
166
165
165
165
165
165
165
164
164
164
164
164
164
163
163
163
163
163
163
163
163
163
163
163
163
163
162
163
162
162
163
162
162
162
162
162
162
162
162
162
162
161
161
161
162
161
161
161
161
161
161
161
160
161
161
160
161
160
160
160
160
160
160
160
160
160
160
160
159
159
160
160
160
160
160
159
159
159
159
159
159
159
159
159
159
159
159
159
159
159
159
159
159
159
159
159
159
159
159
159
159
159
159
158
159
158
158
158
159
158
158
158
158
158
158
158
158
158
158
158
158
158
158
158
158
158
158
158
158
158
157
158
158
157
158
157
157
158
158
157
158
157
157
158
157
157
157
157
157
157
157
157
157
157
157
157
156
157
157
157
156
157
156
156
156
156
156
156
156
156
156
156
156
156
156
156
156
156
156
156
156
156
156
156
156
156
155
155
156
155
155
155
155
155
155
155
155
155
155
155
155
155
155
155
155
155
155
155
155
155
155
154
154
155
154
154
154
154
154
154
154
154
154
154
154
153
154
154
154
154
154
154
153
154
153
153
153
154
153
153
153
153
153
153
153
153
153
153
153
153
153
153
153
153
153
153
153
153
153
153
152
153
153
153
153
153
153
153
153
153
153
152
153
152
152
153
152
152
152
152
152
152
152
152
152
152
152
152
152
152
152
152
152
152
152
152
152
152
152
152
152
152
152
152
152
152
152
152
152
151
152
151
151
151
151
151
151
151
151
151
151
151
151
151
151
151
151
151
151
151
150
151
151
151
151
150
150
150
150
151
150
150
150
150
150
151
150
150
150
150
150
150
150
150
150
150
150
150
150
150
150
150
150
150
149
150
150
150
150
150
150
150
149
150
149
150
150
150
149
149
149
149
149
149
149
149
149
149
149
149
149
149
149
149
149
149
149
149
149
149
149
149
148
149
149
149
149
149
149
148
148
148
148
148
148
148
148
148
148
148
148
148
148
148
148
148
148
148
148
148
148
148
148
148
148
148
148
147
148
148
147
147
148
148
148
148
148
148
148
147
148
148
148
148
148
148
148
148
148
148
148
148
148
148
148
148
148
148
148
148
148
148
148
148
148
148
148
148
148
148
148
148
148
148
148
148
148
148
148
148
148
148
148
148
148
148
148
148
148
148
148
148
148
149
148
148
148
148
148
148
148
148
148
148
148
148
148
148
149
148
148
148
148
148
148
148
148
148
149
149
149
148
148
149
149
149
149
149
149
149
148
149
149
149
149
149
149
149
149
148
149
149
149
149
149
149
149
149
149
148
149
149
149
149
149
149
149
149
149
149
149
149
149
149
149
149
149
149
149
149
149
149
149
149
149
149
149
149
149
149
149
149
149
149
150
149
150
150
150
150
149
150
150
150
150
150
150
150
150
150
149
150
150
150
150
150
150
150
150
150
150
150
149
150
150
150
150
150
150
150
150
150
150
150
150
150
150
150
150
150
150
150
150
150
150
150
150
150
150
150
150
150
150
150
150
150
150
150
150
150
150
150
150
150
150
150
150
150
150
150
150
150
150
150
150
150
150
150
151
151
150
150
150
150
150
150
150
150
151
150
150
150
150
150
150
150
151
150
150
150
150
150
150
150
150
150
150
150
150
150
150
151
150
150
150
150
150
150
150
151
151
151
150
150
150
150
150
150
150
150
150
150
150
150
150
150
150
150
150
150
150
150
150
150
150
150
150
151
151
150
150
150
150
151
151
150
151
151
151
151
151
151
151
151
151
151
151
151
151
151
151
151
151
151
151
151
151
151
151
151
151
151
151
151
151
151
151
151
151
151
151
151
151
151
151
151
151
151
151
151
151
151
151
151
151
151
151
151
151
151
151
151
151
151
151
151
151
151
151
151
151
151
151
151
151
151
151
151
151
151
151
151
151
151
151
151
151
151
151
151
151
151
151
151
151
151
151
151
151
151
151
151
151
151
151
151
151
151
151
151
151
151
151
151
151
151
151
151
151
151
151
151
151
151
151
151
151
151
151
151
151
151
151
151
151
151
151
151
151
151
151
151
151
151
151
151
151
151
151
151
151
151
151
151
151
151
151
151
151
151
152
151
151
152
152
151
151
151
152
152
152
152
152
151
151
151
151
152
151
151
151
151
152
152
151
151
151
151
151
151
152
151
151
152
151
151
152
152
151
151
152
151
151
151
152
151
152
152
152
152
151
152
151
152
151
152
151
152
151
152
151
152
152
152
151
151
151
151
152
152
151
151
152
151
152
152
152
152
152
152
151
152
152
151
152
152
152
151
151
151
151
152
152
152
151
151
151
152
152
152
152
152
152
151
151
152
152
152
152
152
152
151
152
151
152
152
152
152
151
151
152
151
152
152
151
152
152
151
152
152
152
151
151
151
152
152
152
152
152
152
152
152
152
152
152
152
151
152
152
152
152
152
152
152
152
152
152
152
152
152
152
152
152
152
152
152
152
152
152
152
152
152
152
152
152
152
152
152
152
152
152
152
152
152
152
152
152
152
152
152
152
152
152
152
152
152
152
152
152
152
152
152
152
152
152
151
152
152
152
152
152
152
152
152
152
152
152
152
152
152
152
152
152
152
152
152
152
152
152
152
152
152
152
152
152
152
152
152
152
152
152
152
152
152
152
152
152
152
152
152
152
152
152
152
152
152
152
152
152
152
152
152
152
152
152
152
152
152
152
152
152
152
152
152
152
152
152
152
152
152
152
152
152
152
152
152
152
152
153
152
152
152
153
153
153
152
153
153
153
152
153
153
152
153
153
153
152
152
153
153
152
153
152
152
152
152
152
152
152
152
152
152
152
152
152
152
152
153
152
152
152
153
152
152
153
152
152
152
152
152
152
152
153
153
152
152
152
152
152
152
152
152
152
152
152
152
152
152
152
152
152
152
152
152
153
153
152
152
152
153
152
152
152
152
152
152
152
152
152
153
152
152
152
152
152
152
152
153
152
153
152
152
152
152
152
153
152
152
152
152
152
152
152
152
152
152
152
152
152
152
152
152
152
152
152
152
152
152
152
152
152
152
152
152
152
152
152
152
152
153
152
152
152
153
153
153
153
153
152
153
153
153
153
152
152
153
153
153
153
152
152
153
153
153
153
153
153
153
152
153
153
153
152
153
152
153
153
153
152
152
153
153
152
152
153
153
152
153
152
153
153
152
153
153
153
153
153
152
152
152
153
153
152
152
153
152
153
153
153
152
152
153
153
152
152
152
153
152
153
153
152
152
153
153
152
152
153
153
153
153
153
153
152
152
153
152
152
153
152
153
152
153
152
152
152
152
152
152
153
153
152
152
152
153
153
152
153
152
153
153
152
152
152
152
152
152
152
152
153
152
152
153
153
153
153
153
153
153
153
152
153
153
153
152
153
153
153
153
153
153
153
153
153
154
153
153
153
153
153
153
153
153
153
153
153
153
153
153
153
153
153
153
153
153
153
154
153
153
153
153
153
153
153
153
153
153
153
153
153
153
153
153
153
153
154
153
153
154
153
153
153
153
153
153
153
153
153
153
153
153
153
153
153
153
154
154
153
153
153
154
153
153
153
153
153
153
153
153
153
153
153
153
153
153
153
153
153
153
154
153
153
153
153
153
153
153
153
153
153
153
153
153
153
153
153
153
153
153
153
153
153
153
153
153
153
153
153
153
154
153
153
153
153
153
153
153
153
153
153
153
153
153
153
153
153
153
153
153
153
153
153
153
153
153
153
153
153
153
153
153
153
153
153
153
153
153
153
153
153
153
153
153
154
154
153
153
153
154
153
153
153
153
153
153
153
153
154
153
153
153
153
153
153
153
153
153
153
153
154
153
153
153
153
153
153
153
153
153
153
153
154
153
153
153
153
153
153
153
153
153
153
154
154
153
154
154
153
153
153
154
153
153
153
153
153
153
153
153
153
153
153
153
153
153
153
154
154
153
154
154
154
153
153
154
154
153
153
153
153
154
153
154
154
154
154
154
154
153
153
153
153
154
154
154
154
153
153
153
153
153
153
154
154
153
153
153
153
153
154
153
154
154
154
154
154
154
154
154
154
154
154
154
154
153
154
153
154
153
154
154
154
154
153
153
153
153
154
153
154
154
154
154
154
154
154
154
154
154
154
154
154
153
154
154
153
154
153
154
153
154